     0/599     7.48G   0.08682   0.02722         0     0.114        78       640         0         0         0         0   0.07768   0.02847         0
     1/599     7.41G    0.1014   0.03187         0    0.1333       176       640         0         0         0         0   0.07743   0.02843         0
     2/599     7.41G    0.1154   0.03327         0    0.1487       207       640         0         0         0         0   0.07723   0.02844         0
     3/599     7.41G   0.09604   0.03042         0    0.1265       126       640         0         0         0         0   0.07655   0.02826         0
     4/599     7.41G    0.1236   0.03833         0     0.162       103       640         0         0         0         0   0.07567   0.02811         0
     5/599     7.41G   0.08191    0.0328         0    0.1147       138       640         0         0         0         0   0.07476   0.02792         0
     6/599     7.41G    0.1077   0.03735         0     0.145        96       640         0         0         0         0    0.0738   0.02773         0
     7/599     7.41G    0.0814   0.03386         0    0.1153       211       640         0         0         0         0   0.07295   0.02753         0
     8/599     7.41G    0.1048   0.03492         0    0.1398       117       640         0         0         0         0   0.07212   0.02736         0
     9/599     7.41G   0.07417   0.04048         0    0.1146       135       640         0         0         0         0   0.07125   0.02718         0
    10/599     7.41G    0.0779   0.03348         0    0.1114       110       640         0         0         0         0   0.07057   0.02702         0
    11/599     7.41G    0.1031   0.02816         0    0.1313       100       640         0         0         0         0   0.06999   0.02682         0
    12/599     7.41G   0.08945   0.03058         0      0.12       130       640         0         0         0         0   0.06946   0.02663         0
    13/599     7.41G    0.1026   0.03177         0    0.1344        98       640         0         0         0         0   0.06896   0.02647         0
    14/599     7.41G   0.08491   0.03359         0    0.1185        76       640         0         0         0         0   0.06846   0.02639         0
    15/599     7.41G   0.07516   0.03659         0    0.1117       123       640         0         0         0         0   0.06789   0.02635         0
    16/599     7.41G   0.08417   0.03508         0    0.1193       150       640         0         0         0         0   0.06736   0.02637         0
    17/599     7.41G   0.08509    0.0286         0    0.1137        62       640         0         0         0         0   0.06706    0.0263         0
    18/599     7.41G   0.07243   0.03072         0    0.1032        87       640         0         0         0         0   0.06671   0.02627         0
    19/599     7.41G   0.08657   0.03444         0     0.121       219       640         0         0         0         0   0.06639    0.0263         0
    20/599     7.41G   0.08431   0.03246         0    0.1168       142       640         0         0         0         0   0.06608    0.0264         0
    21/599     7.41G    0.0717   0.03451         0    0.1062       108       640         0         0         0         0   0.06572   0.02647         0
    22/599     7.41G   0.08274    0.0343         0     0.117        84       640         0         0         0         0   0.06544    0.0264         0
    23/599     7.41G    0.0854   0.03355         0     0.119       120       640         0         0         0         0   0.06517   0.02655         0
    24/599     7.41G   0.07047   0.03319         0    0.1037        86       640         0         0         0         0   0.06499    0.0266         0
    25/599     7.41G   0.08478   0.03782         0    0.1226       151       640         0         0         0         0   0.06487    0.0267         0
    26/599     7.41G   0.08692   0.02985         0    0.1168       114       640         0         0         0         0   0.06474   0.02657         0
    27/599     7.41G   0.08063    0.0462         0    0.1268        77       640         0         0         0         0   0.06455   0.02662         0
    28/599     7.41G   0.08234    0.0317         0     0.114       136       640         0         0         0         0   0.06435   0.02665         0
    29/599     7.41G    0.0803   0.03056         0    0.1109       105       640         0         0         0         0   0.06418    0.0267         0
    30/599     7.41G    0.0922   0.03237         0    0.1246        75       640         0         0         0         0   0.06386   0.02672         0
    31/599     7.41G     0.111   0.04253         0    0.1536       162       640         0         0         0         0   0.06378   0.02671         0
    32/599     7.41G    0.0838   0.02676         0    0.1106        77       640         0         0         0         0   0.06364   0.02669         0
    33/599     7.41G   0.07978   0.03604         0    0.1158       142       640         0         0         0         0   0.06348   0.02689         0
    34/599     7.41G   0.08603   0.03895         0     0.125       173       640         0         0         0         0   0.06326    0.0266         0
    35/599     7.41G   0.07826   0.02844         0    0.1067       119       640         0         0         0         0    0.0631   0.02662         0
    36/599     7.41G   0.09473   0.02818         0    0.1229        84       640         0         0         0         0   0.06274   0.02671         0
    37/599     7.41G   0.08174   0.03453         0    0.1163       121       640         0         0 2.757e-05 2.757e-06    0.0625   0.02684         0
    38/599     7.41G   0.09969   0.03751         0    0.1372        87       640         0         0         0         0   0.06183   0.02709         0
    39/599     7.41G   0.08268   0.03461         0    0.1173        99       640         0         0         0         0   0.06141   0.02725         0
    40/599     7.41G    0.0652   0.03937         0    0.1046        83       640         0         0         0         0   0.06088   0.02761         0
    41/599     7.41G   0.09345   0.03695         0    0.1304       112       640         0         0         0         0   0.06044   0.02736         0
    42/599     7.41G   0.07789   0.02855         0    0.1064        83       640         0         0 9.566e-06 1.913e-06    0.0599    0.0274         0
    43/599     7.41G   0.06867   0.03816         0    0.1068       116       640         0         0  0.001701 0.0003403   0.05963   0.02748         0
    44/599     7.41G    0.0657   0.03908         0    0.1048        95       640         0         0   0.01056  0.001868   0.05897   0.02753         0
    45/599     7.41G   0.07474   0.03495         0    0.1097       106       640         0         0  0.009055  0.001855   0.05867   0.02751         0
    46/599     7.41G   0.07731   0.03986         0    0.1172       204       640         0         0  0.005287  0.001236   0.05849    0.0277         0
    47/599     7.41G   0.07712   0.03764         0    0.1148       120       640         0         0   0.01885  0.003107    0.0582   0.02744         0
    48/599     7.41G   0.07698    0.0347         0    0.1117       113       640         0         0    0.0092  0.001181   0.05805   0.02699         0
    49/599     7.41G   0.06501   0.03545         0    0.1005        81       640         0         0   0.01345  0.002144   0.05857   0.02642         0
    50/599     7.41G    0.1093    0.0322         0    0.1415       116       640         0         0   0.01973  0.002451   0.05915   0.02537         0
    51/599     7.41G   0.09868   0.02972         0    0.1284        65       640         0         0   0.03024   0.00351   0.05926   0.02487         0
    52/599     7.41G   0.06438   0.02742         0   0.09181       110       640         0         0    0.0315  0.003542   0.05912   0.02465         0
    53/599     7.41G    0.1109    0.0349         0    0.1458       148       640         0         0   0.04115  0.004881   0.05799   0.02472         0
    54/599     7.41G   0.08733   0.03442         0    0.1217        68       640         0         0      0.06  0.008383   0.05814   0.02414         0
    55/599     7.41G   0.08195   0.03336         0    0.1153        67       640    0.3221   0.01887   0.08439   0.01416   0.05776   0.02408         0
    56/599     7.41G    0.0792   0.03351         0    0.1127       131       640    0.4343   0.07272    0.1657   0.03016   0.05717   0.02343         0
    57/599     7.41G   0.06342   0.04677         0    0.1102       112       640     0.405   0.09017    0.2037   0.03582   0.05649   0.02316         0
    58/599     7.41G   0.09397   0.03345         0    0.1274       109       640    0.1384   0.09434    0.1574   0.03025   0.05484   0.02269         0
    59/599     7.41G   0.07814   0.03516         0    0.1133        99       640    0.3059    0.2412    0.2209   0.04109   0.05467   0.02287         0
    60/599     7.41G   0.07756   0.03201         0    0.1096       124       640    0.1583    0.2264    0.1502   0.02338   0.05352     0.023         0
    61/599     7.41G   0.09025   0.03861         0    0.1289       226       640    0.1308    0.1887    0.1323   0.01821   0.05253   0.02314         0
    62/599     7.41G   0.07329   0.04128         0    0.1146       151       640    0.1624    0.2075    0.1006   0.01307   0.05096    0.0235         0
    63/599     7.41G   0.06251   0.03616         0   0.09866        96       640    0.1296    0.1698    0.1087   0.01777   0.05047    0.0234         0
    64/599     7.41G    0.0757   0.03863         0    0.1143       137       640    0.1997    0.2264    0.1609   0.02432   0.04952   0.02361         0
    65/599     7.41G   0.08643   0.04099         0    0.1274       131       640    0.1948    0.1132    0.1562   0.02914   0.05014   0.02369         0
    66/599     7.41G   0.08005   0.02848         0    0.1085       159       640    0.2926    0.0566    0.1707   0.02625   0.04984   0.02407         0
    67/599     7.41G   0.06066   0.03221         0   0.09286       121       640    0.2822   0.07547     0.166   0.02375   0.04912   0.02439         0
    68/599     7.41G   0.09186   0.03272         0    0.1246       138       640    0.2491    0.0566    0.1325    0.0192    0.0492   0.02397         0
    69/599     7.41G   0.07901   0.03003         0     0.109       135       640    0.1807   0.03774    0.1511   0.02376   0.04892   0.02414         0
    70/599     7.41G   0.07517   0.03145         0    0.1066       168       640         0         0    0.1174   0.01547   0.05015    0.0231         0
    71/599     7.41G   0.07279   0.03038         0    0.1032       113       640    0.2791    0.1132    0.1404   0.01896   0.05116   0.02269         0
    72/599     7.41G    0.0607   0.03519         0   0.09588       152       640    0.3456    0.2093    0.2394    0.0315   0.05216   0.02235         0
    73/599     7.41G   0.07288   0.03398         0    0.1069       156       640     0.291    0.2264    0.1884   0.02474   0.05278   0.02211         0
    74/599     7.41G   0.09648   0.02851         0     0.125        74       640    0.2658    0.1982    0.1671   0.01996   0.05351    0.0221         0
    75/599     7.41G   0.05926   0.03749         0   0.09675       100       640    0.2689    0.3019    0.1853   0.02262   0.05291   0.02202         0
    76/599     7.41G   0.07098   0.03092         0    0.1019        58       640    0.2204     0.283    0.2107   0.02983    0.0521   0.02225         0
    77/599     7.41G   0.07552    0.0381         0    0.1136       132       640    0.1793    0.3585    0.2058   0.03066   0.05195   0.02225         0
    78/599     7.41G   0.05799   0.03554         0   0.09353       175       640    0.2171    0.4151    0.2342   0.03649   0.05024   0.02272         0
    79/599     7.41G   0.08439   0.03412         0    0.1185        96       640    0.2272    0.4717    0.2462   0.04129   0.04932   0.02285         0
    80/599     7.41G   0.05975   0.03712         0   0.09687       104       640    0.2136    0.5849     0.233   0.03681   0.04868   0.02296         0
    81/599     7.41G   0.06011    0.0289         0     0.089        89       640    0.2009    0.6415    0.2642   0.04248   0.04821    0.0232         0
    82/599     7.41G   0.05856   0.03032         0   0.08889       150       640    0.1979    0.6981    0.2504    0.0466   0.04826   0.02329         0
    83/599     7.41G   0.06262   0.03266         0   0.09528       134       640    0.1904    0.7547    0.2446   0.04499   0.04821   0.02333         0
    84/599     7.41G   0.05766   0.03626         0   0.09392       149       640    0.1394    0.6792    0.2048   0.03347   0.04946   0.02368         0
    85/599     7.41G   0.06376   0.02606         0   0.08982       100       640    0.1586    0.6415    0.2018   0.03486   0.04932    0.0231         0
    86/599     7.41G   0.07297   0.03183         0    0.1048        96       640    0.1289     0.566    0.1487   0.02807   0.04996   0.02313         0
    87/599     7.41G   0.05771   0.03471         0   0.09242       144       640    0.1244    0.4906    0.1282   0.02316   0.04958   0.02302         0
    88/599     7.41G   0.07348   0.04657         0    0.1201       165       640    0.1212    0.4528    0.1307   0.02398   0.04871   0.02355         0
    89/599     7.41G   0.07556   0.03036         0    0.1059        96       640    0.1218    0.4717    0.1247   0.02238   0.04867   0.02351         0
    90/599     7.41G   0.06286   0.02886         0   0.09172        92       640    0.1093    0.3774    0.1093   0.01721   0.04986    0.0234         0
    91/599     7.41G   0.08162   0.04035         0     0.122       150       640    0.1021    0.6038    0.1214   0.02063   0.05011   0.02498         0
    92/599     7.41G   0.07355   0.03596         0    0.1095       114       640   0.09205    0.6792    0.1337   0.02327   0.04988   0.02654         0
    93/599     7.41G   0.08664   0.03716         0    0.1238       148       640    0.1106    0.7925    0.2167   0.03231   0.04955   0.02733         0
    94/599     7.41G    0.0703   0.02416         0   0.09446        83       640    0.1178    0.7925    0.2682   0.04096   0.04862   0.02725         0
    95/599     7.41G   0.07614   0.03107         0    0.1072       108       640    0.1132    0.7925    0.2926   0.04991   0.04946   0.02665         0
    96/599     7.41G    0.1071   0.03206         0    0.1391       100       640    0.1146    0.7925     0.276   0.04924      0.05     0.026         0
    97/599     7.41G   0.07402   0.02601         0       0.1        92       640     0.136    0.7736    0.3071   0.06064   0.04687   0.02584         0
    98/599     7.41G   0.09095   0.03004         0     0.121        93       640    0.1318    0.8113    0.2951   0.06275   0.04608   0.02579         0
    99/599     7.41G    0.1093   0.03572         0     0.145       147       640      0.13    0.7547    0.2735   0.06969   0.04627   0.02518         0
   100/599     7.41G   0.08546   0.03107         0    0.1165       107       640    0.1248     0.717    0.2782   0.04686   0.04702   0.02439         0
   101/599     7.41G   0.07498    0.0433         0    0.1183       189       640    0.1047    0.6604    0.2214   0.04169   0.04801   0.02365         0
   102/599     7.41G   0.07556   0.03386         0    0.1094       101       640    0.0878    0.5472    0.1481   0.02315    0.0498   0.02277         0
   103/599     7.41G    0.1069   0.03144         0    0.1383       112       640   0.09013    0.5472    0.1307   0.01646   0.04914   0.02306         0
   104/599     7.41G   0.07283    0.0329         0    0.1057       101       640    0.1018     0.566    0.1192    0.0183   0.04985   0.02307         0
   105/599     7.41G   0.09031   0.02865         0     0.119       131       640     0.105    0.6226    0.1383   0.02018   0.05042   0.02365         0
   106/599     7.41G   0.07355   0.03344         0     0.107       103       640    0.1031    0.6981    0.1549   0.02589   0.05161   0.02442         0
   107/599     7.41G   0.07227   0.03871         0     0.111       189       640   0.09614    0.7547    0.1224   0.01809    0.0518   0.02472         0
   108/599     7.41G   0.08939   0.03221         0    0.1216       135       640    0.0701    0.6604   0.08309   0.01133   0.05361    0.0249         0
   109/599     7.41G   0.07371   0.03261         0    0.1063       149       640   0.04035    0.4151   0.03262  0.004524   0.05457   0.02513         0
   110/599     7.41G   0.08657   0.02857         0    0.1151        75       640   0.09743    0.7736    0.1189   0.01952   0.05128   0.02521         0
   111/599     7.41G   0.06132   0.02789         0    0.0892        90       640    0.1419    0.8302    0.2099   0.03263   0.04992   0.02525         0
   112/599     7.41G   0.07297   0.03095         0    0.1039       131       640    0.1246    0.7358     0.179   0.02431   0.05072   0.02517         0
   113/599     7.41G   0.05767   0.03502         0   0.09269       126       640     0.102    0.5849    0.1311   0.02152   0.05185   0.02457         0
   114/599     7.41G   0.05762   0.03941         0   0.09703       191       640   0.09422    0.5849    0.1418   0.02194   0.05281   0.02485         0
   115/599     7.41G   0.05952   0.03397         0   0.09349       136       640   0.07993    0.4528    0.0874   0.01328   0.05293    0.0246         0
   116/599     7.41G   0.07338   0.03283         0    0.1062       158       640   0.07702    0.3019   0.04515  0.006522    0.0528   0.02296         0
   117/599     7.41G    0.0722   0.03255         0    0.1047       128       640   0.07662    0.1832   0.02988  0.004702    0.0516   0.02183         0
   118/599     7.41G   0.05924   0.03312         0   0.09236       165       640    0.1328    0.2453   0.07596  0.009177   0.05091   0.02156         0
   119/599     7.41G   0.07471   0.03539         0    0.1101        61       640    0.1723    0.3774    0.1014   0.01594   0.05044   0.02204         0
   120/599     7.41G   0.09871   0.03932         0     0.138       157       640     0.207    0.5094    0.1784   0.02493   0.04734   0.02299         0
   121/599     7.41G   0.07282   0.02546         0   0.09828       101       640    0.2859    0.4151    0.2679   0.04643   0.04738   0.02354         0
   122/599     7.41G   0.07497    0.0314         0    0.1064       125       640    0.2543    0.6415    0.3013   0.05167   0.04383     0.024         0
   123/599     7.41G   0.06731   0.02802         0   0.09533        58       640    0.2543    0.6415    0.3013   0.05167   0.04383     0.024         0
   124/599     7.41G   0.06948   0.03461         0    0.1041       106       640    0.2035    0.6981    0.2799   0.05224   0.04386   0.02423         0
   125/599     7.41G   0.09483    0.0295         0    0.1243       128       640    0.1441    0.6981    0.2617   0.04324   0.04565   0.02566         0
   126/599     7.41G   0.07061   0.02889         0    0.0995       146       640    0.1352    0.8113     0.343   0.06452   0.04819   0.02701         0
   127/599     7.41G   0.08236   0.03275         0    0.1151       103       640    0.1352    0.8113     0.343   0.06452   0.04819   0.02701         0
   128/599     7.41G   0.06798   0.03228         0    0.1003       114       640    0.1062    0.8113    0.2861   0.05085   0.05271   0.02829         0
   129/599     7.41G    0.0607   0.03501         0   0.09571       131       640   0.08074    0.6415    0.1667   0.03343   0.05363   0.02856         0
   130/599     7.41G   0.08154   0.03009         0    0.1116       115       640   0.06246    0.3019   0.07292  0.007876    0.0485   0.02631         0
   131/599     7.41G   0.05963   0.02531         0   0.08494       112       640   0.06246    0.3019   0.07292  0.007876    0.0485   0.02632         0
   132/599     7.41G    0.0723   0.03849         0    0.1108       190       640   0.02241   0.09434   0.01615  0.001837    0.0503   0.02512         0
   133/599     7.41G   0.07198   0.02405         0   0.09603       123       640    0.1677    0.1321    0.1356   0.02078   0.05191   0.02583         0
   134/599     7.41G   0.06986    0.0337         0    0.1036       126       640    0.2017    0.7547    0.3884     0.108   0.04573   0.02574         0
   135/599     7.41G   0.07049   0.02596         0   0.09646       150       640    0.2017    0.7547    0.3884     0.108   0.04573   0.02574         0
   136/599     7.41G   0.05699   0.03287         0   0.08986       148       640    0.1843    0.7358    0.2843   0.05476   0.04587   0.02556         0
   137/599     7.41G   0.08463   0.03392         0    0.1185       111       640    0.1408    0.8302    0.3223   0.05708   0.04684   0.02608         0
   138/599     7.41G   0.05629   0.02967         0   0.08596       100       640   0.07013    0.5094    0.1002    0.0201   0.05384    0.0247         0
   139/599     7.41G   0.05212   0.03131         0   0.08343       100       640   0.07013    0.5094    0.1002    0.0201   0.05384   0.02463         0
   140/599     7.41G   0.09711     0.028         0    0.1251        90       640    0.1043    0.6792     0.143   0.02811   0.04939   0.02496         0
   141/599     7.41G    0.1028    0.0299         0    0.1327       126       640    0.1847    0.7358    0.2857   0.05061   0.04448   0.02422         0
   142/599     7.41G   0.05735   0.03343         0   0.09078       164       640    0.1038    0.6334    0.1363   0.02312   0.04815   0.02345         0
   143/599     7.41G   0.07497   0.03257         0    0.1075       183       640    0.1038    0.6334    0.1363   0.02312   0.04815   0.02349         0
   144/599     7.41G   0.08931   0.03627         0    0.1256       157       640    0.0953    0.6415    0.1437   0.02529   0.04891    0.0231         0
   145/599     7.41G   0.07322   0.03465         0    0.1079        80       640    0.1112    0.7736    0.2574    0.0393   0.04673   0.02456         0
   146/599     7.41G   0.06994   0.02899         0   0.09893        66       640   0.02191    0.1321  0.007046  0.001022   0.04907   0.02413         0
   147/599     7.41G   0.07757   0.02855         0    0.1061       122       640   0.02191    0.1321  0.007046  0.001022   0.04907   0.02413         0
   148/599     7.41G   0.06099   0.02772         0   0.08871        95       640   0.02503    0.1509   0.01158  0.001191    0.0504    0.0236         0
   149/599     7.41G   0.09106   0.03549         0    0.1266       172       640   0.09907    0.7358    0.1908   0.03074   0.04722   0.02482         0
   150/599     7.41G   0.07271   0.03201         0    0.1047       124       640   0.09094    0.7736    0.2972    0.0451   0.05113   0.02579         0
   151/599     7.41G   0.05727   0.02595         0   0.08322        61       640   0.09094    0.7736    0.2972    0.0451   0.05113   0.02575         0
   152/599     7.41G   0.08611   0.03918         0    0.1253       101       640   0.07778    0.7736     0.301   0.07122   0.05527   0.02722         0
   153/599     7.41G   0.05959   0.03294         0   0.09252       120       640    0.1197    0.9245    0.4103   0.07344   0.04636    0.0294         0
   154/599     7.41G    0.0829   0.03485         0    0.1178       162       640    0.1232    0.7358     0.286   0.04024   0.04301   0.02655         0
   155/599     7.41G   0.07358    0.0345         0    0.1081       137       640    0.1232    0.7358     0.286   0.04024   0.04301   0.02652         0
   156/599     7.41G   0.07141   0.02898         0    0.1004        34       640    0.1352    0.7358     0.231   0.03585   0.04167   0.02541         0
   157/599     7.41G   0.07429   0.02231         0    0.0966       153       640    0.1414    0.6555    0.2668   0.04742    0.0439   0.02373         0
   158/599     7.41G   0.07254   0.03734         0    0.1099       154       640    0.1072    0.6604     0.112   0.01521   0.04783   0.02415         0
   159/599     7.41G   0.07339     0.035         0    0.1084       268       640    0.1072    0.6604     0.112   0.01521   0.04783   0.02415         0
   160/599     7.41G   0.05262   0.03611         0   0.08873       173       640    0.1399    0.7547     0.218   0.03229   0.04631   0.02509         0
   161/599     7.41G   0.06923   0.03211         0    0.1013       106       640   0.09609    0.7736    0.1132   0.01645   0.04878   0.02528         0
   162/599     7.41G   0.07261   0.03749         0    0.1101       118       640   0.09431    0.8302    0.2401    0.0361   0.04994   0.02721         0
   163/599     7.41G   0.07462   0.02854         0    0.1032       148       640   0.09431    0.8302    0.2401    0.0361   0.04994   0.02721         0
   164/599     7.41G   0.07323   0.02629         0   0.09952       123       640     0.127    0.7925    0.2791   0.04779    0.0484   0.02802         0
   165/599     7.41G   0.08969   0.03375         0    0.1234        90       640   0.08935    0.7925    0.1563    0.0257   0.05098   0.02884         0
   166/599     7.41G    0.0544   0.03771         0    0.0921       140       640    0.1121    0.8113    0.3521   0.07457   0.04874   0.03033         0
   167/599     7.41G   0.07207   0.03379         0    0.1059       157       640    0.1121    0.8113    0.3521   0.07457   0.04874   0.03035         0
   168/599     7.41G    0.0676   0.02509         0   0.09269        77       640    0.1256    0.7736      0.38   0.08961   0.04393   0.02972         0
   169/599     7.41G   0.08922   0.03599         0    0.1252       134       640    0.1256    0.7736      0.38   0.08961   0.04393   0.02966         0
   170/599     7.41G     0.057   0.03143         0   0.08842       136       640    0.1156    0.6981    0.2659   0.06533    0.0434   0.02764         0
   171/599     7.41G   0.05673   0.03239         0   0.08912       162       640   0.08773    0.6226   0.08446   0.01471   0.05274   0.02343         0
   172/599     7.41G   0.07339    0.0283         0    0.1017       106       640   0.08773    0.6226   0.08446   0.01471   0.05274   0.02344         0
   173/599     7.41G   0.07662   0.04199         0    0.1186       151       640    0.1518    0.7925    0.2697   0.05175   0.04758   0.02437         0
   174/599     7.41G   0.07075   0.03107         0    0.1018        76       640    0.1518    0.7925    0.2697   0.05175   0.04758   0.02438         0
   175/599     7.41G     0.056   0.03169         0   0.08769       142       640    0.1647    0.7358    0.3194   0.04726   0.04541   0.02418         0
   176/599     7.41G   0.07028   0.03287         0    0.1031       127       640    0.1482    0.7736     0.311   0.05676   0.04523   0.02331         0
   177/599     7.41G   0.09969   0.02938         0    0.1291        72       640    0.1482    0.7736     0.311   0.05676   0.04523   0.02331         0
   178/599     7.41G   0.05497   0.03761         0   0.09258       153       640    0.1413    0.8113    0.2417   0.03814   0.04539   0.02345         0
   179/599     7.41G   0.08543   0.02973         0    0.1152       115       640    0.1413    0.8113    0.2417   0.03814   0.04539   0.02363         0
   180/599     7.41G    0.0702    0.0382         0    0.1084       138       640    0.1688    0.7358    0.2816   0.05129   0.04499    0.0238         0
   181/599     7.41G   0.08968   0.03136         0     0.121       132       640    0.1429    0.6981    0.2209   0.04088   0.04579   0.02271         0
   182/599     7.41G   0.08277   0.02935         0    0.1121       109       640    0.1429    0.6981    0.2209   0.04088   0.04579   0.02274         0
   183/599     7.41G   0.05506   0.03392         0   0.08898       106       640    0.1081    0.6981    0.1866   0.03475   0.04887    0.0225         0
   184/599     7.41G   0.08456   0.03084         0    0.1154       123       640    0.1081    0.6981    0.1866   0.03475   0.04887    0.0225         0
   185/599     7.41G   0.06604   0.03443         0    0.1005       190       640    0.1728    0.7925    0.2961   0.04433   0.04527   0.02319         0
   186/599     7.41G   0.08734   0.04009         0    0.1274       225       640    0.1197    0.6415    0.1744   0.02972   0.04993   0.02342         0
   187/599     7.41G   0.08815    0.0313         0    0.1194       101       640    0.1197    0.6415    0.1744   0.02972   0.04993   0.02342         0
   188/599     7.41G   0.07094   0.03286         0    0.1038       149       640    0.1363    0.7547     0.324   0.05127   0.04395    0.0248         0
   189/599     7.41G   0.05678   0.03408         0   0.09086       105       640    0.1363    0.7547     0.324   0.05127   0.04395    0.0248         0
   190/599     7.41G   0.05455   0.02961         0   0.08416        98       640    0.1465    0.7736    0.3137   0.05011    0.0433   0.02465         0
   191/599     7.41G   0.05437   0.03082         0   0.08519       154       640    0.1596    0.6038    0.1643   0.02167   0.04512   0.02237         0
   192/599     7.41G    0.0862    0.0355         0    0.1217       135       640    0.1596    0.6038    0.1643   0.02167   0.04512   0.02237         0
   193/599     7.41G   0.05213   0.03676         0   0.08889       150       640    0.2273    0.6882    0.2301   0.05278   0.04291   0.02195         0
   194/599     7.41G   0.06509   0.03184         0   0.09693        90       640    0.2273    0.6882    0.2301   0.05278   0.04291   0.02207         0
   195/599     7.41G   0.06958   0.02675         0   0.09634        80       640    0.2558    0.5849     0.287    0.0402   0.04197    0.0217         0
   196/599     7.41G   0.05369   0.03422         0   0.08791       144       640    0.1338    0.6981    0.1767    0.0319   0.04815   0.02155         0
   197/599     7.41G   0.07038   0.02981         0    0.1002       130       640    0.1338    0.6981    0.1767    0.0319   0.04815   0.02155         0
   198/599     7.41G   0.07119   0.03449         0    0.1057       171       640    0.1265    0.7925    0.2773    0.0454   0.04964   0.02473         0
   199/599     7.41G   0.06824   0.03376         0     0.102       105       640    0.1265    0.7925    0.2773    0.0454   0.04964   0.02465         0
   200/599     7.41G   0.06767   0.02899         0   0.09666       107       640    0.1506    0.7358    0.3348    0.0586   0.05211   0.02515         0
   201/599     7.41G   0.05716   0.03057         0   0.08773       150       640    0.1237    0.6981    0.2201   0.04038   0.05128   0.02378         0
   202/599     7.41G   0.08211   0.02914         0    0.1113        94       640    0.1237    0.6981    0.2201   0.04038   0.05128   0.02384         0
   203/599     7.41G   0.06664    0.0403         0    0.1069        64       640      0.12     0.717    0.2642   0.05493   0.04621   0.02464         0
   204/599     7.41G   0.06511   0.02698         0   0.09209        95       640      0.12     0.717    0.2642   0.05493   0.04621    0.0246         0
   205/599     7.41G   0.06345   0.03297         0   0.09643        85       640    0.1491    0.7547    0.3228   0.05943   0.04439   0.02389         0
   206/599     7.41G   0.06906   0.03104         0    0.1001        83       640    0.1416    0.6981    0.2952   0.04224   0.04782   0.02479         0
   207/599     7.41G   0.07372   0.03131         0     0.105        90       640    0.1416    0.6981    0.2952   0.04224   0.04782   0.02479         0
   208/599     7.41G   0.05989   0.02599         0   0.08588       104       640   0.08235    0.5472    0.0767   0.01521   0.05071   0.02302         0
   209/599     7.41G   0.05523   0.02224         0   0.07746        84       640   0.08235    0.5472    0.0767   0.01521   0.05071   0.02302         0
   210/599     7.41G   0.05573   0.02912         0   0.08485       161       640    0.1083    0.5849    0.1277   0.01828   0.04835   0.02297         0
   211/599     7.41G   0.05307   0.03195         0   0.08502        92       640    0.1775    0.8302    0.2425   0.03009   0.04461   0.02293         0
   212/599     7.41G   0.05569   0.04111         0    0.0968       166       640    0.1775    0.8302    0.2425   0.03009   0.04461   0.02293         0
   213/599     7.41G   0.08811   0.03064         0    0.1188       142       640    0.1557    0.7358    0.1867   0.03069   0.04797   0.02215         0
   214/599     7.41G   0.08131   0.03395         0    0.1153       154       640    0.1557    0.7358    0.1867   0.03069   0.04797   0.02215         0
   215/599     7.41G   0.06914   0.03661         0    0.1057       102       640    0.1557    0.7358    0.1867   0.03069   0.04797   0.02215         0
   216/599     7.41G   0.06969   0.03672         0    0.1064       167       640    0.1759    0.7358    0.1936   0.03575   0.04575   0.02186         0
   217/599     7.41G   0.05297   0.03553         0   0.08849       127       640    0.1759    0.7358    0.1936   0.03575   0.04575   0.02196         0
   218/599     7.41G   0.08349   0.03001         0    0.1135       122       640    0.1607    0.6981    0.1479   0.02475   0.04664   0.02109         0
   219/599     7.41G   0.06855   0.03008         0   0.09863       163       640    0.1607    0.6981    0.1479   0.02475   0.04664   0.02119         0
   220/599     7.41G    0.0872   0.02513         0    0.1123       113       640    0.1498    0.6981    0.1833   0.03532   0.04423   0.02184         0
   221/599     7.41G   0.09719   0.02862         0    0.1258       122       640    0.1498    0.6981    0.1833   0.03532   0.04423   0.02184         0
   222/599     7.41G    0.0799   0.02506         0     0.105       153       640    0.1873    0.7736    0.2522   0.05727    0.0396   0.02275         0
   223/599     7.41G   0.06454   0.02932         0   0.09385       117       640    0.1873    0.7736    0.2522   0.05727    0.0396   0.02264         0
   224/599     7.41G   0.06931   0.02878         0   0.09809       144       640      0.19    0.7925    0.2573   0.05277    0.0398   0.02257         0
   225/599     7.41G   0.06846   0.03134         0    0.0998       115       640      0.19    0.7925    0.2573   0.05277    0.0398   0.02261         0
   226/599     7.41G    0.0504   0.03464         0   0.08504        69       640    0.1663    0.7925    0.2752   0.04524    0.0415   0.02265         0
   227/599     7.41G   0.05071   0.03607         0   0.08677       122       640    0.1663    0.7925    0.2752   0.04524    0.0415   0.02265         0
   228/599     7.41G   0.06886   0.03223         0    0.1011       123       640    0.1702    0.7925    0.2756    0.0371   0.04204    0.0228         0
   229/599     7.41G   0.06438   0.02885         0   0.09323       106       640    0.1702    0.7925    0.2756    0.0371   0.04204    0.0228         0
   230/599     7.41G    0.0547   0.04778         0    0.1025       202       640    0.1566    0.7925    0.2603   0.04005   0.04584   0.02268         0
   231/599     7.41G   0.06193   0.03875         0    0.1007       190       640    0.1566    0.7925    0.2603   0.04005   0.04584   0.02268         0
   232/599     7.41G   0.09894   0.03186         0    0.1308       121       640    0.1488    0.7736    0.3042   0.06459   0.04395    0.0232         0
   233/599     7.41G   0.05406   0.03366         0   0.08772       154       640    0.1488    0.7736    0.3042   0.06459   0.04395    0.0232         0
   234/599     7.41G    0.0761    0.0314         0    0.1075       135       640    0.1403    0.7736    0.3415   0.07066   0.04319   0.02325         0
   235/599     7.41G   0.09414   0.03368         0    0.1278       102       640    0.1403    0.7736    0.3415   0.07066   0.04319   0.02325         0
   236/599     7.41G   0.06624   0.02982         0   0.09605       110       640    0.1205    0.6981    0.3062   0.05143   0.04445   0.02385         0
   237/599     7.41G   0.06783    0.0338         0    0.1016       156       640    0.1205    0.6981    0.3062   0.05143   0.04445   0.02385         0
   238/599     7.41G   0.06215    0.0373         0   0.09945       115       640    0.1259     0.717    0.3318   0.06894   0.04388   0.02483         0
   239/599     7.41G   0.06853   0.03085         0   0.09938        87       640    0.1259     0.717    0.3318   0.06894   0.04388   0.02483         0
   240/599     7.41G   0.05134   0.03403         0   0.08537       161       640    0.1425    0.8113    0.3061   0.07208   0.04523   0.02535         0
   241/599     7.41G    0.0706   0.03035         0     0.101        86       640    0.1425    0.8113    0.3061   0.07208   0.04523   0.02535         0
   242/599     7.41G   0.06688   0.03165         0   0.09853       125       640    0.1671    0.8302    0.3798   0.08018   0.04049   0.02507         0
   243/599     7.41G   0.06235   0.02943         0   0.09179        79       640    0.1671    0.8302    0.3798   0.08018   0.04049   0.02511         0
   244/599     7.41G   0.06973   0.03217         0    0.1019       107       640    0.1949    0.8302    0.3405   0.06694    0.0384   0.02443         0
   245/599     7.41G   0.06958   0.03319         0    0.1028        68       640    0.1949    0.8302    0.3405   0.06694    0.0384   0.02441         0
   246/599     7.41G   0.06602   0.03745         0    0.1035       135       640    0.2062    0.7925    0.3542   0.05647   0.03893   0.02392         0
   247/599     7.41G   0.08299   0.03117         0    0.1142       110       640    0.2062    0.7925    0.3542   0.05647   0.03893   0.02392         0
   248/599     7.41G   0.06596   0.03141         0   0.09737       110       640    0.1898     0.717    0.2341   0.04452   0.03912   0.02333         0
   249/599     7.41G    0.0601   0.02792         0   0.08802        96       640    0.1898     0.717    0.2341   0.04452   0.03912   0.02327         0
   250/599     7.41G   0.06149   0.02845         0   0.08994       108       640    0.1845    0.7547    0.3168   0.07317   0.03828   0.02306         0
   251/599     7.41G   0.08347   0.02797         0    0.1114       128       640    0.1845    0.7547    0.3168   0.07317   0.03828   0.02306         0
   252/599     7.41G   0.07464   0.03178         0    0.1064       115       640    0.2158    0.7547    0.3133   0.05973   0.03811   0.02298         0
   253/599     7.41G   0.06841   0.02883         0   0.09724       156       640    0.2158    0.7547    0.3133   0.05973   0.03811   0.02298         0
   254/599     7.41G   0.05233   0.02558         0   0.07792        93       640    0.2261    0.7358    0.3227   0.06072   0.03894   0.02229         0
   255/599     7.41G   0.06745   0.03384         0    0.1013       116       640    0.2261    0.7358    0.3227   0.06072   0.03894   0.02221         0
   256/599     7.41G   0.05616   0.02915         0    0.0853       180       640    0.2815    0.7024    0.3312   0.05251   0.03855   0.02196         0
   257/599     7.41G   0.06418   0.02728         0   0.09146       116       640    0.2815    0.7024    0.3312   0.05251   0.03855   0.02196         0
   258/599     7.41G   0.06219   0.03059         0   0.09279       177       640    0.2745    0.6981    0.3481   0.06864   0.03838   0.02187         0
   259/599     7.41G   0.06414   0.03104         0   0.09518       166       640    0.2745    0.6981    0.3481   0.06864   0.03838   0.02193         0
   260/599     7.41G   0.07427   0.03151         0    0.1058        85       640    0.2784     0.717    0.3512   0.06198   0.03962   0.02154         0
   261/599     7.41G   0.05366   0.02681         0   0.08046       132       640    0.2784     0.717    0.3512   0.06198   0.03962   0.02137         0
   262/599     7.41G   0.06664   0.02642         0   0.09305        97       640    0.2784     0.717    0.3512   0.06198   0.03962   0.02147         0
   263/599     7.41G    0.0741   0.03165         0    0.1057       147       640    0.2223    0.7358    0.3198   0.04253   0.04156    0.0214         0
   264/599     7.41G   0.06203   0.02981         0   0.09185       108       640    0.2223    0.7358    0.3198   0.04253   0.04156   0.02152         0
   265/599     7.41G    0.0629   0.03717         0    0.1001       145       640    0.2223    0.7358    0.3198   0.04253   0.04156   0.02147         0
   266/599     7.41G   0.05287   0.03283         0    0.0857        88       640    0.1268    0.5283    0.1685   0.02304   0.04726   0.02149         0
   267/599     7.41G   0.05403    0.0329         0   0.08693       174       640    0.1268    0.5283    0.1685   0.02304   0.04726   0.02163         0
   268/599     7.41G   0.06768   0.03106         0   0.09874       206       640    0.1707    0.6226    0.2128    0.0304   0.04258   0.02256         0
   269/599     7.41G    0.0654   0.03196         0   0.09736       130       640    0.1707    0.6226    0.2128    0.0304   0.04258   0.02256         0
   270/599     7.41G    0.0535    0.0367         0    0.0902        87       640    0.2244    0.6038    0.2796   0.04434   0.04291   0.02223         0
   271/599     7.41G   0.06086    0.0284         0   0.08926        77       640    0.2244    0.6038    0.2796   0.04434   0.04291    0.0223         0
   272/599     7.41G   0.07562   0.03773         0    0.1133       150       640    0.2244    0.6038    0.2796   0.04434   0.04291   0.02223         0
   273/599     7.41G   0.08251   0.03826         0    0.1208       148       640    0.2248    0.4906    0.2189    0.0384   0.04357   0.02198         0
   274/599     7.41G   0.08766   0.03196         0    0.1196       145       640    0.2248    0.4906    0.2189    0.0384   0.04357   0.02198         0
   275/599     7.41G   0.07441   0.03098         0    0.1054       123       640    0.2474    0.4906    0.1938   0.02729   0.04161   0.02155         0
   276/599     7.41G   0.06504   0.03918         0    0.1042       209       640    0.2474    0.4906    0.1938   0.02729   0.04161   0.02155         0
   277/599     7.41G   0.05044   0.03067         0   0.08111       145       640    0.2284    0.5849    0.2442   0.04019   0.04411   0.02155         0
   278/599     7.41G   0.06977   0.03555         0    0.1053        98       640    0.2284    0.5849    0.2442   0.04019   0.04411   0.02163         0
   279/599     7.41G   0.05079   0.02383         0   0.07462        79       640    0.2284    0.5849    0.2442   0.04019   0.04411   0.02165         0
   280/599     7.41G   0.07541    0.0274         0    0.1028       117       640    0.2506    0.4906    0.1792   0.02806   0.04382   0.02142         0
   281/599     7.41G   0.05896    0.0386         0   0.09755       127       640    0.2506    0.4906    0.1792   0.02806   0.04382   0.02134         0
   282/599     7.41G   0.04974   0.03276         0    0.0825       107       640    0.2544    0.6792    0.2606   0.04373   0.03867   0.02226         0
   283/599     7.41G   0.06331   0.03312         0   0.09643       132       640    0.2544    0.6792    0.2606   0.04373   0.03867   0.02226         0
   284/599     7.41G   0.06342   0.02282         0   0.08624        97       640     0.257    0.6038    0.2236   0.03484   0.04202   0.02222         0
   285/599     7.41G    0.0754   0.03567         0    0.1111       235       640     0.257    0.6038    0.2236   0.03484   0.04202   0.02227         0
   286/599     7.41G    0.0529   0.03627         0   0.08917       201       640     0.257    0.6038    0.2236   0.03484   0.04202   0.02224         0
   287/599     7.41G   0.07431    0.0328         0    0.1071       114       640    0.2654    0.6604    0.2785   0.04555   0.04255   0.02254         0
   288/599     7.41G   0.05996   0.03488         0   0.09484       182       640    0.2654    0.6604    0.2785   0.04555   0.04255   0.02257         0
   289/599     7.41G   0.07161   0.03303         0    0.1046       126       640    0.2444     0.717    0.3011   0.06998   0.04187   0.02318         0
   290/599     7.41G   0.07639   0.02637         0    0.1028       102       640    0.2444     0.717    0.3011   0.06998   0.04187   0.02307         0
   291/599     7.41G   0.05493   0.03323         0   0.08816       195       640     0.177    0.7736    0.2848   0.05035   0.04219   0.02307         0
   292/599     7.41G   0.06079   0.02277         0   0.08356        48       640     0.177    0.7736    0.2848   0.05035   0.04219   0.02307         0
   293/599     7.41G   0.08608   0.03032         0    0.1164       150       640     0.177    0.7736    0.2848   0.05035   0.04219   0.02305         0
   294/599     7.41G   0.06508   0.03503         0    0.1001       172       640    0.1703    0.8491    0.3016   0.06259   0.04155   0.02419         0
   295/599     7.41G   0.04767   0.02912         0   0.07679       107       640    0.1703    0.8491    0.3016   0.06259   0.04155   0.02408         0
   296/599     7.41G    0.0634   0.03073         0   0.09412       120       640    0.1592    0.8491    0.3151   0.05569   0.04298   0.02491         0
   297/599     7.41G   0.06087   0.03234         0    0.0932       134       640    0.1592    0.8491    0.3151   0.05569   0.04298   0.02495         0
   298/599     7.41G   0.05017   0.03049         0   0.08066       136       640     0.128    0.7547    0.2897   0.05056   0.04111   0.02313         0
   299/599     7.41G   0.06119   0.03248         0   0.09367       128       640     0.128    0.7547    0.2897   0.05056   0.04111     0.023         0
   300/599     7.41G   0.08186   0.02479         0    0.1067       159       640     0.128    0.7547    0.2897   0.05056   0.04111     0.023         0
   301/599     7.41G   0.04822   0.02726         0   0.07548        97       640     0.168     0.717    0.2587    0.0529   0.04196   0.02222         0
   302/599     7.41G   0.05247   0.03178         0   0.08425       170       640     0.168     0.717    0.2587    0.0529   0.04196   0.02222         0
   303/599     7.41G   0.07481   0.02691         0    0.1017        90       640     0.239    0.6604    0.3047   0.06225    0.0419   0.02188         0
   304/599     7.41G   0.07309   0.03656         0    0.1096       114       640     0.239    0.6604    0.3047   0.06225    0.0419   0.02206         0
   305/599     7.41G   0.05031   0.03405         0   0.08436       155       640    0.2302    0.6981    0.3429   0.06548   0.04556   0.02104         0
   306/599     7.41G   0.05842   0.02969         0    0.0881        94       640    0.2302    0.6981    0.3429   0.06548   0.04556   0.02104         0
   307/599     7.41G   0.07403   0.03662         0    0.1107       250       640    0.2302    0.6981    0.3429   0.06548   0.04556   0.02104         0
   308/599     7.41G   0.04995   0.02545         0    0.0754        71       640    0.2375    0.6981    0.4252   0.08324   0.04217    0.0209         0
   309/599     7.41G   0.05766   0.02778         0   0.08544        75       640    0.2375    0.6981    0.4252   0.08324   0.04217   0.02103         0
   310/599     7.41G   0.05895   0.02847         0   0.08742       146       640    0.2375    0.6981    0.4252   0.08324   0.04217    0.0209         0
   311/599     7.41G   0.07786   0.02703         0    0.1049       121       640    0.2375    0.6981    0.4252   0.08324   0.04217   0.02086         0
   312/599     7.41G   0.04905   0.02195         0     0.071        56       640    0.2496    0.7547    0.4546   0.08783   0.04133   0.02083         0
   313/599     7.41G    0.0627   0.03314         0   0.09584        70       640    0.2496    0.7547    0.4546   0.08783   0.04133   0.02101         0
   314/599     7.41G   0.04967    0.0382         0   0.08786       171       640    0.1924    0.7358    0.3799   0.06657   0.04319   0.02076         0
   315/599     7.41G   0.07765   0.03076         0    0.1084        88       640    0.1924    0.7358    0.3799   0.06657   0.04319   0.02078         0
   316/599     7.41G   0.07822   0.02432         0    0.1025       135       640    0.1924    0.7358    0.3799   0.06657   0.04319   0.02068         0
   317/599     7.41G   0.06411   0.03061         0   0.09472        73       640    0.2628    0.7547    0.4609   0.08811   0.04246    0.0205         0
   318/599     7.41G   0.04902   0.03311         0   0.08213       205       640    0.2628    0.7547    0.4609   0.08811   0.04246   0.02061         0
   319/599     7.41G   0.06162   0.03426         0   0.09588        98       640    0.2628    0.7547    0.4609   0.08811   0.04246    0.0205         0
   320/599     7.41G   0.06236   0.03256         0   0.09492       215       640    0.2762    0.7547    0.4616   0.08504   0.04132   0.02061         0
   321/599     7.41G   0.08457   0.03121         0    0.1158        91       640    0.2762    0.7547    0.4616   0.08504   0.04132   0.02061         0
   322/599     7.41G   0.06449   0.03392         0   0.09841       146       640    0.2666    0.7736    0.4282   0.08952   0.03935   0.02057         0
   323/599     7.41G   0.05129   0.02595         0   0.07724       103       640    0.2666    0.7736    0.4282   0.08952   0.03935   0.02046         0
   324/599     7.41G   0.07095   0.02787         0   0.09882        57       640    0.2666    0.7736    0.4282   0.08952   0.03935   0.02046         0
   325/599     7.41G   0.04831   0.02966         0   0.07796       112       640      0.28    0.7925    0.5006    0.1019   0.04199   0.02044         0
   326/599     7.41G   0.05225   0.02796         0   0.08021        96       640      0.28    0.7925    0.5006    0.1019   0.04199   0.02044         0
   327/599     7.41G   0.07412   0.03278         0    0.1069       207       640      0.28    0.7925    0.5006    0.1019   0.04199   0.02047         0
   328/599     7.41G   0.04999   0.02736         0   0.07736       140       640    0.2449    0.7925    0.4971     0.108   0.04209    0.0209         0
   329/599     7.41G   0.06917    0.0337         0    0.1029       150       640    0.2449    0.7925    0.4971     0.108   0.04209    0.0208         0
   330/599     7.41G   0.05868   0.03028         0   0.08896       128       640    0.2254    0.7925    0.5092    0.1028   0.03808   0.02133         0
   331/599     7.41G   0.04856   0.03675         0   0.08531       164       640    0.2254    0.7925    0.5092    0.1028   0.03808   0.02133         0
   332/599     7.41G   0.06606   0.02345         0   0.08952        83       640    0.2254    0.7925    0.5092    0.1028   0.03808   0.02143         0
   333/599     7.41G   0.05227   0.02788         0   0.08015       148       640    0.2314    0.7736    0.4764    0.0771   0.04059   0.02127         0
   334/599     7.41G   0.06138    0.0288         0   0.09017        94       640    0.2314    0.7736    0.4764    0.0771   0.04059   0.02124         0
   335/599     7.41G   0.06493   0.02908         0     0.094       128       640    0.2314    0.7736    0.4764    0.0771   0.04059   0.02121         0
   336/599     7.41G   0.07789   0.02967         0    0.1076       101       640    0.2304    0.7736    0.4247   0.07154   0.04102   0.02113         0
   337/599     7.41G   0.05634   0.02503         0   0.08136        83       640    0.2304    0.7736    0.4247   0.07154   0.04102   0.02113         0
   338/599     7.41G   0.05831   0.03116         0   0.08947       171       640    0.2081    0.7736    0.4421   0.09271   0.04051   0.02042         0
   339/599     7.41G   0.05019   0.02702         0    0.0772       118       640    0.2081    0.7736    0.4421   0.09271   0.04051   0.02055         0
   340/599     7.41G   0.06058   0.02536         0   0.08594        96       640    0.2081    0.7736    0.4421   0.09271   0.04051   0.02052         0
   341/599     7.41G   0.05742   0.03067         0    0.0881       100       640    0.2835    0.8113    0.5426    0.1247   0.04194    0.0202         0
   342/599     7.41G   0.06042   0.02898         0    0.0894        70       640    0.2835    0.8113    0.5426    0.1247   0.04194   0.02027         0
   343/599     7.41G   0.06283   0.03065         0   0.09347       156       640    0.2835    0.8113    0.5426    0.1247   0.04194    0.0202         0
   344/599     7.41G   0.06127   0.03199         0   0.09327       222       640    0.3115    0.7925    0.5325    0.1068   0.03867   0.02022         0
   345/599     7.41G   0.06218    0.0303         0   0.09248       140       640    0.3115    0.7925    0.5325    0.1068   0.03867   0.02031         0
   346/599     7.41G   0.04575   0.02486         0   0.07062       132       640    0.3471    0.8113    0.6048    0.1525   0.03624   0.02054         0
   347/599     7.41G   0.05354   0.03017         0   0.08371       111       640    0.3471    0.8113    0.6048    0.1525   0.03624   0.02042         0
   348/599     7.41G   0.07287   0.03119         0    0.1041       188       640    0.3471    0.8113    0.6048    0.1525   0.03624    0.0204         0
   349/599     7.41G   0.04956   0.02923         0   0.07879       103       640    0.3658    0.8302    0.6379    0.1479   0.03683   0.02008         0
   350/599     7.41G   0.06074   0.02764         0   0.08838        86       640    0.3658    0.8302    0.6379    0.1479   0.03683   0.02008         0
   351/599     7.41G   0.05941   0.02649         0    0.0859        66       640    0.3658    0.8302    0.6379    0.1479   0.03683   0.02008         0
   352/599     7.41G   0.06044   0.02851         0   0.08896       104       640    0.2743    0.7358    0.4827    0.1234   0.03926   0.01959         0
   353/599     7.41G   0.07484   0.03286         0    0.1077       146       640    0.2743    0.7358    0.4827    0.1234   0.03926   0.01973         0
   354/599     7.41G   0.08066   0.03305         0    0.1137       176       640    0.3604    0.7973    0.6175    0.1584   0.03925   0.01976         0
   355/599     7.41G   0.04682   0.02735         0   0.07417        75       640    0.3604    0.7973    0.6175    0.1584   0.03925   0.01983         0
   356/599     7.41G   0.06054   0.02356         0    0.0841        89       640    0.3604    0.7973    0.6175    0.1584   0.03925   0.01976         0
   357/599     7.41G   0.07288   0.03382         0    0.1067       189       640    0.3761    0.8302    0.6043    0.1404   0.03681   0.01985         0
   358/599     7.41G   0.06882   0.03463         0    0.1035       130       640    0.3761    0.8302    0.6043    0.1404   0.03681   0.01977         0
   359/599     7.41G   0.04612    0.0319         0   0.07802        60       640    0.3761    0.8302    0.6043    0.1404   0.03681   0.01977         0
   360/599     7.41G   0.06864   0.01955         0   0.08819        94       640    0.3883    0.7736    0.5796    0.1335   0.03668   0.01986         0
   361/599     7.41G    0.0737   0.02567         0   0.09936       120       640    0.3883    0.7736    0.5796    0.1335   0.03668   0.01983         0
   362/599     7.41G   0.06037   0.02814         0   0.08851       120       640    0.3541    0.7736    0.5573    0.1381   0.03642   0.02009         0
   363/599     7.41G   0.06112   0.03402         0   0.09513       149       640    0.3541    0.7736    0.5573    0.1381   0.03642   0.02009         0
   364/599     7.41G   0.04916   0.02516         0   0.07433        82       640    0.3541    0.7736    0.5573    0.1381   0.03642   0.02013         0
   365/599     7.41G    0.0599   0.02185         0   0.08176       112       640    0.2815    0.7547    0.4467    0.1135   0.03743   0.01971         0
   366/599     7.41G   0.04365    0.0382         0   0.08185       130       640    0.2815    0.7547    0.4467    0.1135   0.03743   0.01971         0
   367/599     7.41G   0.08306   0.02876         0    0.1118        82       640    0.2815    0.7547    0.4467    0.1135   0.03743   0.01971         0
   368/599     7.41G   0.06009   0.03323         0   0.09332       181       640    0.2674    0.7925    0.4864    0.1259   0.03763   0.01946         0
   369/599     7.41G   0.05044   0.02587         0   0.07631       163       640    0.2674    0.7925    0.4864    0.1259   0.03763   0.01954         0
   370/599     7.41G    0.0678   0.03382         0    0.1016       182       640    0.3378    0.8868    0.6477    0.1638   0.03649   0.01978         0
   371/599     7.41G   0.06719   0.02775         0   0.09494       139       640    0.3378    0.8868    0.6477    0.1638   0.03649   0.01975         0
   372/599     7.41G   0.05897   0.02886         0   0.08784        78       640    0.3378    0.8868    0.6477    0.1638   0.03649   0.01975         0
   373/599     7.41G   0.07475   0.02629         0     0.101       107       640    0.3174    0.8491    0.6381    0.1397   0.03572   0.01977         0
   374/599     7.41G   0.05978   0.02779         0   0.08757       132       640    0.3174    0.8491    0.6381    0.1397   0.03572   0.01975         0
   375/599     7.41G   0.05036   0.02967         0   0.08003       143       640    0.3174    0.8491    0.6381    0.1397   0.03572   0.01975         0
   376/599     7.41G   0.05934   0.03401         0   0.09335       179       640    0.2666    0.7736    0.5185    0.1094    0.0364   0.01968         0
   377/599     7.41G   0.05954   0.03048         0   0.09001       227       640    0.2666    0.7736    0.5185    0.1094    0.0364   0.01967         0
   378/599     7.41G   0.04846   0.02499         0   0.07345        89       640    0.2043    0.8679    0.4481    0.1079   0.03781   0.02112         0
   379/599     7.41G   0.06833   0.02714         0   0.09547       107       640    0.2043    0.8679    0.4481    0.1079   0.03781   0.02114         0
   380/599     7.41G   0.05893   0.03104         0   0.08997       140       640    0.2043    0.8679    0.4481    0.1079   0.03781   0.02112         0
   381/599     7.41G   0.07226   0.02631         0   0.09856        73       640    0.2727    0.9057    0.5685    0.1219   0.03709   0.02063         0
   382/599     7.41G   0.06727   0.02712         0    0.0944        72       640    0.2727    0.9057    0.5685    0.1219   0.03709   0.02067         0
   383/599     7.41G   0.05786   0.02925         0    0.0871       161       640    0.2727    0.9057    0.5685    0.1219   0.03709   0.02063         0
   384/599     7.41G    0.0696   0.03643         0     0.106       187       640    0.2509    0.8868    0.6063    0.1349   0.03819   0.02112         0
   385/599     7.41G   0.06492   0.03038         0   0.09531       129       640    0.2509    0.8868    0.6063    0.1349   0.03819   0.02108         0
   386/599     7.41G   0.05801   0.02245         0   0.08046        78       640    0.2434    0.8868    0.6803    0.1435   0.03769   0.02198         0
   387/599     7.41G   0.06228   0.02795         0   0.09023       145       640    0.2434    0.8868    0.6803    0.1435   0.03769     0.022         0
   388/599     7.41G   0.07773   0.02735         0    0.1051        73       640    0.2434    0.8868    0.6803    0.1435   0.03769   0.02199         0
   389/599     7.41G   0.06065   0.01909         0   0.07974        75       640    0.2596    0.8679    0.6441    0.1266   0.03727    0.0208         0
   390/599     7.41G    0.0568   0.02226         0   0.07905        53       640    0.2596    0.8679    0.6441    0.1266   0.03727    0.0208         0
   391/599     7.41G   0.07344   0.02882         0    0.1023       119       640    0.2596    0.8679    0.6441    0.1266   0.03727    0.0208         0
   392/599     7.41G   0.06122   0.03045         0   0.09167       127       640    0.2395    0.8302    0.5614    0.1328   0.04002    0.0206         0
   393/599     7.41G    0.0487   0.02771         0   0.07641       165       640    0.2395    0.8302    0.5614    0.1328   0.04002    0.0206         0
   394/599     7.41G   0.06127   0.03291         0   0.09418       201       640    0.2688    0.8113    0.4439    0.0987   0.04081   0.01947         0
   395/599     7.41G   0.05005   0.02661         0   0.07666       153       640    0.2688    0.8113    0.4439    0.0987   0.04081   0.01942         0
   396/599     7.41G   0.05733   0.02605         0   0.08338       117       640    0.2688    0.8113    0.4439    0.0987   0.04081   0.01955         0
   397/599     7.41G   0.06085   0.02464         0   0.08549        88       640    0.2998    0.8491    0.5489    0.1339   0.03759   0.02043         0
   398/599     7.41G   0.05937   0.02813         0    0.0875       164       640    0.2998    0.8491    0.5489    0.1339   0.03759   0.02043         0
   399/599     7.41G   0.05456   0.02496         0   0.07951       159       640    0.2998    0.8491    0.5489    0.1339   0.03759   0.02055         0
   400/599     7.41G   0.07702   0.03082         0    0.1078       197       640    0.3098    0.8893    0.5802    0.1369   0.03832   0.02082         0
   401/599     7.41G   0.04946   0.02863         0   0.07809        82       640    0.3098    0.8893    0.5802    0.1369   0.03832   0.02073         0
   402/599     7.41G   0.06641   0.02808         0   0.09449       159       640    0.2672    0.7736    0.3877   0.09501   0.03957   0.02034         0
   403/599     7.41G    0.0615   0.02325         0   0.08476        77       640    0.2672    0.7736    0.3877   0.09501   0.03957   0.02026         0
   404/599     7.41G   0.05913   0.02926         0    0.0884       137       640    0.2672    0.7736    0.3877   0.09501   0.03957   0.02026         0
   405/599     7.41G   0.04765   0.02757         0   0.07523        86       640    0.2589    0.8491    0.4654   0.09795   0.04084   0.02034         0
   406/599     7.41G   0.07714   0.03134         0    0.1085       137       640    0.2589    0.8491    0.4654   0.09795   0.04084    0.0204         0
   407/599     7.41G   0.04703   0.03198         0   0.07901       128       640    0.2589    0.8491    0.4654   0.09795   0.04084   0.02028         0
   408/599     7.41G   0.07136   0.02832         0   0.09969       150       640     0.267    0.8113    0.5185    0.1077   0.03911   0.01985         0
   409/599     7.41G   0.05824   0.03015         0   0.08839       113       640     0.267    0.8113    0.5185    0.1077   0.03911   0.01985         0
   410/599     7.41G   0.05919   0.02279         0   0.08198        79       640    0.2777    0.8868    0.6012    0.1407   0.03867    0.0199         0
   411/599     7.41G   0.05774   0.02149         0   0.07923       110       640    0.2777    0.8868    0.6012    0.1407   0.03867    0.0199         0
   412/599     7.41G   0.07212   0.03012         0    0.1022       131       640    0.2777    0.8868    0.6012    0.1407   0.03867    0.0199         0
   413/599     7.41G    0.0583   0.02917         0   0.08747       136       640    0.2544    0.8679    0.6091    0.1475   0.03812   0.01979         0
   414/599     7.41G   0.05972   0.03119         0   0.09092       135       640    0.2544    0.8679    0.6091    0.1475   0.03812   0.01979         0
   415/599     7.41G   0.05665   0.02695         0   0.08359       114       640    0.2544    0.8679    0.6091    0.1475   0.03812    0.0198         0
   416/599     7.41G   0.05019   0.02481         0     0.075       144       640      0.28    0.8491    0.6057    0.1566    0.0382   0.01976         0
   417/599     7.41G    0.0677   0.02511         0   0.09281        94       640      0.28    0.8491    0.6057    0.1566    0.0382   0.01976         0
   418/599     7.41G   0.05731   0.03075         0   0.08806       163       640    0.2205    0.7547    0.4987    0.1309   0.03921   0.01941         0
   419/599     7.41G    0.0455   0.03104         0   0.07654       193       640    0.2205    0.7547    0.4987    0.1309   0.03921    0.0194         0
   420/599     7.41G   0.07012   0.02612         0   0.09625        65       640    0.2205    0.7547    0.4987    0.1309   0.03921   0.01941         0
   421/599     7.41G   0.05804   0.03587         0   0.09391       145       640    0.2308    0.8679    0.5739    0.1579   0.03942    0.0198         0
   422/599     7.41G   0.04699   0.03122         0   0.07821       240       640    0.2308    0.8679    0.5739    0.1579   0.03942   0.01984         0
   423/599     7.41G   0.07074   0.03042         0    0.1012       128       640    0.2308    0.8679    0.5739    0.1579   0.03942    0.0198         0
   424/599     7.41G   0.06603   0.03178         0   0.09781       139       640    0.2523    0.9434    0.6354    0.1569   0.03888   0.02065         0
   425/599     7.41G   0.05859   0.02936         0   0.08795       175       640    0.2523    0.9434    0.6354    0.1569   0.03888   0.02065         0
   426/599     7.41G   0.06499   0.03324         0   0.09823       149       640    0.2311    0.9245    0.6186    0.1798   0.03982   0.02078         0
   427/599     7.41G   0.05526   0.02915         0   0.08441       130       640    0.2311    0.9245    0.6186    0.1798   0.03982   0.02075         0
   428/599     7.41G   0.05563   0.02835         0   0.08398       125       640    0.2311    0.9245    0.6186    0.1798   0.03982   0.02075         0
   429/599     7.41G   0.05671   0.03407         0   0.09077        90       640    0.2455    0.9434     0.639    0.1711   0.03882   0.02033         0
   430/599     7.41G   0.05947   0.02754         0   0.08701       155       640    0.2455    0.9434     0.639    0.1711   0.03882   0.02032         0
   431/599     7.41G   0.05508    0.0314         0   0.08648       111       640    0.2455    0.9434     0.639    0.1711   0.03882   0.02035         0
   432/599     7.41G   0.06314    0.0347         0   0.09783       159       640         0         0   0.02442  0.003885   0.04924   0.02403         0
   433/599     7.41G   0.06604   0.02933         0   0.09538       109       640         0         0   0.02442  0.003885   0.04924   0.02402         0
   434/599     7.41G   0.07238   0.03124         0    0.1036       113       640         0         0 1.003e-05 2.007e-06   0.06949   0.02262         0
   435/599     7.41G   0.05874   0.03019         0   0.08893       100       640         0         0 1.003e-05 2.007e-06   0.06949   0.02262         0
   436/599     7.41G   0.07164     0.034         0    0.1056       113       640         0         0 1.003e-05 2.007e-06   0.06949   0.02262         0
   437/599     7.41G   0.05917   0.03086         0   0.09003       158       640         0         0 0.0005442  6.95e-05   0.06513   0.02426         0
   438/599     7.41G   0.06184   0.02925         0   0.09109       146       640         0         0 0.0005442  6.95e-05   0.06513   0.02426         0
   439/599     7.41G   0.07058   0.03573         0    0.1063       117       640         0         0 0.0005442  6.95e-05   0.06513   0.02454         0
   440/599     7.41G   0.05402    0.0317         0   0.08573       107       640         0         0  0.002329 0.0003064   0.05465   0.02693         0
   441/599     7.41G   0.04913   0.03456         0   0.08368       140       640         0         0  0.002329 0.0003064   0.05465   0.02693         0
   442/599     7.41G   0.06643   0.03029         0   0.09672        92       640         0         0   0.01061  0.001569   0.04762   0.02672         0
   443/599     7.41G   0.06955   0.02818         0   0.09773       148       640         0         0   0.01061  0.001569   0.04762   0.02672         0
   444/599     7.41G   0.07041   0.03204         0    0.1025       153       640         0         0   0.01061  0.001569   0.04762   0.02672         0
   445/599     7.41G    0.0596   0.02903         0   0.08863        79       640    0.2596    0.1853    0.1449   0.02026   0.04029   0.02432         0
   446/599     7.41G    0.0489   0.02733         0   0.07623       109       640    0.2596    0.1853    0.1449   0.02026   0.04029   0.02444         0
   447/599     7.41G   0.05766   0.02993         0    0.0876       153       640    0.2596    0.1853    0.1449   0.02026   0.04029   0.02432         0
   448/599     7.41G   0.05783   0.02813         0   0.08596       149       640    0.3288     0.434    0.2722   0.03778   0.03964   0.02284         0
   449/599     7.41G   0.07607   0.03406         0    0.1101       127       640    0.3288     0.434    0.2722   0.03778   0.03964   0.02284         0
   450/599     7.41G   0.08364   0.04112         0    0.1248       107       640    0.4615     0.717     0.454   0.07461   0.03858   0.02015         0
   451/599     7.41G   0.05954   0.03063         0   0.09017       136       640    0.4615     0.717     0.454   0.07461   0.03858    0.0202         0
   452/599     7.41G    0.0617   0.02842         0   0.09012        90       640    0.4615     0.717     0.454   0.07461   0.03858    0.0202         0
   453/599     7.41G   0.05015    0.0262         0   0.07635       139       640    0.4145    0.7547    0.4814    0.1004   0.03803   0.01971         0
   454/599     7.41G   0.05134   0.02604         0   0.07738       147       640    0.4145    0.7547    0.4814    0.1004   0.03803   0.01967         0
   455/599     7.41G   0.04778   0.03366         0   0.08144       134       640    0.4145    0.7547    0.4814    0.1004   0.03803   0.01967         0
   456/599     7.41G   0.05827   0.02968         0   0.08795        88       640    0.4025    0.8302    0.5563    0.1085   0.03783   0.01943         0
   457/599     7.41G   0.06193   0.02965         0   0.09159       119       640    0.4025    0.8302    0.5563    0.1085   0.03783   0.01943         0
   458/599     7.41G   0.06557   0.02493         0    0.0905       127       640    0.3684    0.8491    0.5517    0.1416   0.03713   0.01947         0
   459/599     7.41G   0.05927    0.0289         0   0.08817       162       640    0.3684    0.8491    0.5517    0.1416   0.03713   0.01951         0
   460/599     7.41G   0.06878   0.02681         0   0.09559       133       640    0.3684    0.8491    0.5517    0.1416   0.03713   0.01956         0
   461/599     7.41G   0.05502   0.04007         0   0.09509       140       640     0.264    0.8302    0.5209    0.1498   0.03843   0.01935         0
   462/599     7.41G   0.05588   0.02311         0   0.07898        99       640     0.264    0.8302    0.5209    0.1498   0.03843   0.01935         0
   463/599     7.41G   0.06225     0.024         0   0.08625        94       640     0.264    0.8302    0.5209    0.1498   0.03843   0.01935         0
   464/599     7.41G   0.05949   0.03364         0   0.09313       161       640    0.2334    0.8302    0.5264    0.1567   0.04005   0.01969         0
   465/599     7.41G   0.05759   0.03175         0   0.08934       147       640    0.2334    0.8302    0.5264    0.1567   0.04005   0.01969         0
   466/599     7.41G   0.04876   0.03313         0   0.08189       158       640    0.2455    0.8868    0.6243     0.185   0.03896    0.0207         0
   467/599     7.41G   0.05716   0.03113         0    0.0883       104       640    0.2455    0.8868    0.6243     0.185   0.03896   0.02069         0
   468/599     7.41G   0.06869   0.02618         0   0.09487        97       640    0.2455    0.8868    0.6243     0.185   0.03896   0.02071         0
   469/599     7.41G   0.04682   0.03494         0   0.08175       105       640    0.2393    0.8963    0.6303    0.1911   0.03842   0.02123         0
   470/599     7.41G   0.04827   0.02938         0   0.07765       169       640    0.2393    0.8963    0.6303    0.1911   0.03842   0.02122         0
   471/599     7.41G   0.04768    0.0317         0   0.07938        84       640    0.2393    0.8963    0.6303    0.1911   0.03842   0.02125         0
   472/599     7.41G   0.05359   0.02969         0   0.08328       137       640    0.2494    0.9245    0.6465     0.178   0.03756    0.0215         0
   473/599     7.41G   0.04802   0.02779         0   0.07581       140       640    0.2494    0.9245    0.6465     0.178   0.03756   0.02148         0
   474/599     7.41G   0.05629   0.02246         0   0.07876        83       640    0.2541    0.8679    0.5892    0.1757   0.03849   0.02039         0
   475/599     7.41G   0.07192   0.02501         0   0.09693       106       640    0.2541    0.8679    0.5892    0.1757   0.03849   0.02039         0
   476/599     7.41G   0.06675   0.02568         0   0.09244       138       640    0.2541    0.8679    0.5892    0.1757   0.03849   0.02037         0
   477/599     7.41G   0.05754   0.03181         0   0.08935       182       640    0.2594    0.8868    0.5269    0.1205   0.03755   0.02048         0
   478/599     7.41G    0.0453   0.02619         0   0.07149       124       640    0.2594    0.8868    0.5269    0.1205   0.03755    0.0205         0
   479/599     7.41G   0.07496   0.02906         0     0.104       138       640    0.2594    0.8868    0.5269    0.1205   0.03755   0.02047         0
   480/599     7.41G   0.07121    0.0248         0   0.09601        77       640    0.2678    0.8679     0.394   0.07555   0.03786   0.02021         0
   481/599     7.41G   0.05692   0.02971         0   0.08663        98       640    0.2678    0.8679     0.394   0.07555   0.03786   0.02024         0
   482/599     7.41G   0.04625   0.02706         0    0.0733       118       640    0.2935    0.8855    0.5317    0.1015   0.03578    0.0198         0
   483/599     7.41G   0.04563    0.0313         0   0.07693       153       640    0.2935    0.8855    0.5317    0.1015   0.03578    0.0198         0
   484/599     7.41G   0.07138   0.03268         0    0.1041       195       640    0.2935    0.8855    0.5317    0.1015   0.03578   0.01983         0
   485/599     7.41G   0.05568   0.02733         0   0.08301        98       640    0.2824    0.9057    0.5667     0.167   0.03656   0.01944         0
   486/599     7.41G     0.055   0.02821         0   0.08321       189       640    0.2824    0.9057    0.5667     0.167   0.03656   0.01944         0
   487/599     7.41G   0.07158   0.02621         0   0.09778       187       640    0.2824    0.9057    0.5667     0.167   0.03656   0.01944         0
   488/599     7.41G   0.05533   0.02684         0   0.08217       196       640    0.2956    0.9057    0.5907    0.1464   0.03737   0.01948         0
   489/599     7.41G   0.06606   0.02991         0   0.09597        95       640    0.2956    0.9057    0.5907    0.1464   0.03737   0.01946         0
   490/599     7.41G   0.05371   0.03078         0   0.08448        95       640     0.305    0.8868    0.5448     0.123   0.03663   0.01959         0
   491/599     7.41G   0.07267   0.02962         0    0.1023       133       640     0.305    0.8868    0.5448     0.123   0.03663   0.01957         0
   492/599     7.41G   0.04733   0.02563         0   0.07296       117       640     0.305    0.8868    0.5448     0.123   0.03663   0.01953         0
   493/599     7.41G   0.05603   0.03087         0    0.0869        73       640    0.2827    0.8491    0.4668   0.09723   0.03706   0.01924         0
   494/599     7.41G   0.05509   0.02446         0   0.07954        92       640    0.2827    0.8491    0.4668   0.09723   0.03706   0.01924         0
   495/599     7.41G   0.04643    0.0337         0   0.08013       163       640    0.2827    0.8491    0.4668   0.09723   0.03706   0.01924         0
   496/599     7.41G   0.04666   0.03257         0   0.07923       212       640    0.3057    0.9055    0.4763     0.109   0.03737   0.01923         0
   497/599     7.41G   0.05201   0.02832         0   0.08033       122       640    0.3057    0.9055    0.4763     0.109   0.03737   0.01923         0
   498/599     7.41G   0.06328   0.03132         0    0.0946       118       640    0.3266    0.9057    0.4763    0.1155   0.03754   0.01933         0
   499/599     7.41G   0.05584   0.03415         0   0.08998       152       640    0.3266    0.9057    0.4763    0.1155   0.03754   0.01933         0
   500/599     7.41G   0.06361   0.02344         0   0.08705        85       640    0.3266    0.9057    0.4763    0.1155   0.03754   0.01934         0
   501/599     7.41G   0.06712   0.03001         0   0.09714       100       640    0.3251    0.8868    0.4712    0.1094   0.03686   0.01948         0
   502/599     7.41G   0.06019   0.02443         0   0.08462       105       640    0.3251    0.8868    0.4712    0.1094   0.03686   0.01948         0
   503/599     7.41G   0.04632   0.03144         0   0.07775       123       640    0.3251    0.8868    0.4712    0.1094   0.03686   0.01951         0
   504/599     7.41G   0.04673   0.03132         0   0.07805       135       640    0.3189    0.9013    0.4559    0.1119   0.03729   0.01957         0
   505/599     7.41G   0.05481   0.02508         0   0.07989        96       640    0.3189    0.9013    0.4559    0.1119   0.03729   0.01962         0
   506/599     7.41G   0.07623    0.0249         0    0.1011       151       640    0.2897    0.8491    0.3875   0.07285   0.03836   0.01981         0
   507/599     7.41G   0.04514   0.02692         0   0.07206       131       640    0.2897    0.8491    0.3875   0.07285   0.03836   0.01983         0
   508/599     7.41G   0.05625    0.0253         0   0.08155       153       640    0.2897    0.8491    0.3875   0.07285   0.03836   0.01981         0
   509/599     7.41G   0.05756   0.03202         0   0.08957       134       640      0.28    0.8491    0.3134   0.06742   0.03926   0.02001         0
   510/599     7.41G    0.0543   0.03244         0   0.08674       208       640      0.28    0.8491    0.3134   0.06742   0.03926   0.02003         0
   511/599     7.41G   0.05235   0.02626         0   0.07862        58       640      0.28    0.8491    0.3134   0.06742   0.03926   0.02001         0
   512/599     7.41G   0.06469   0.02441         0    0.0891        95       640    0.2836    0.8302    0.3279    0.0734   0.03838   0.01986         0
   513/599     7.41G   0.04605   0.02705         0    0.0731       189       640    0.2836    0.8302    0.3279    0.0734   0.03838   0.01989         0
   514/599     7.41G   0.06555   0.02748         0   0.09303       105       640    0.3065    0.8868    0.5099    0.1232   0.03701   0.01955         0
   515/599     7.41G   0.04759   0.03054         0   0.07813       160       640    0.3065    0.8868    0.5099    0.1232   0.03701   0.01959         0
   516/599     7.41G   0.06396   0.02975         0    0.0937       144       640    0.3065    0.8868    0.5099    0.1232   0.03701   0.01955         0
   517/599     7.41G   0.06609   0.02559         0   0.09168       139       640    0.3122    0.8821    0.5296    0.1282   0.03664    0.0193         0
   518/599     7.41G   0.04706   0.02957         0   0.07663       122       640    0.3122    0.8821    0.5296    0.1282   0.03664    0.0193         0
   519/599     7.41G   0.04815   0.02839         0   0.07653        91       640    0.3122    0.8821    0.5296    0.1282   0.03664    0.0193         0
   520/599     7.41G     0.063   0.03309         0   0.09609       116       640    0.3184    0.9057    0.5726    0.1396   0.03668   0.01921         0
   521/599     7.41G   0.05269   0.03105         0   0.08374       125       640    0.3184    0.9057    0.5726    0.1396   0.03668   0.01924         0
   522/599     7.41G   0.04644    0.0339         0   0.08035       255       640    0.2897    0.8868    0.5295    0.1576     0.036   0.01922         0
   523/599     7.41G   0.04677   0.02832         0   0.07509       131       640    0.2897    0.8868    0.5295    0.1576     0.036   0.01916         0
   524/599     7.41G   0.04289   0.02973         0   0.07262        93       640    0.2897    0.8868    0.5295    0.1576     0.036   0.01922         0
   525/599     7.41G   0.04796   0.03009         0   0.07805       124       640    0.2594    0.9245    0.5195    0.1309   0.03751    0.0188         0
   526/599     7.41G   0.06312   0.03165         0   0.09476       132       640    0.2594    0.9245    0.5195    0.1309   0.03751    0.0188         0
   527/599     7.41G   0.04723   0.02665         0   0.07389        84       640    0.2594    0.9245    0.5195    0.1309   0.03751    0.0188         0
   528/599     7.41G   0.04815   0.02343         0   0.07158       128       640    0.2492    0.9245    0.5216    0.1138   0.03769   0.01882         0
   529/599     7.41G   0.04715   0.03128         0   0.07842       163       640    0.2492    0.9245    0.5216    0.1138   0.03769   0.01888         0
   530/599     7.41G   0.05388   0.03561         0   0.08949       155       640    0.2742    0.9057     0.587     0.152   0.03619   0.01956         0
   531/599     7.41G   0.06139   0.02382         0   0.08521        80       640    0.2742    0.9057     0.587     0.152   0.03619   0.01958         0
   532/599     7.41G   0.05108   0.03065         0   0.08173       161       640    0.2742    0.9057     0.587     0.152   0.03619   0.01953         0
   533/599     7.41G   0.06458   0.02999         0   0.09457       236       640    0.2715    0.9211    0.5832    0.1758    0.0368   0.01965         0
   534/599     7.41G   0.04471   0.02839         0    0.0731       128       640    0.2715    0.9211    0.5832    0.1758    0.0368   0.01968         0
   535/599     7.41G   0.05238   0.02742         0   0.07979       131       640    0.2715    0.9211    0.5832    0.1758    0.0368   0.01965         0
   536/599     7.41G   0.04685   0.02742         0   0.07426       139       640    0.2884    0.9434    0.5842    0.1663   0.03655   0.01976         0
   537/599     7.41G   0.05663   0.03246         0   0.08909       125       640    0.2884    0.9434    0.5842    0.1663   0.03655   0.01972         0
   538/599     7.41G   0.04533   0.03074         0   0.07608       133       640    0.2794    0.9623    0.5709    0.1631   0.03622   0.01961         0
   539/599     7.41G   0.04381   0.02742         0   0.07122       121       640    0.2794    0.9623    0.5709    0.1631   0.03622   0.01962         0
   540/599     7.41G   0.04389   0.02837         0   0.07225       166       640    0.2794    0.9623    0.5709    0.1631   0.03622   0.01965         0
   541/599     7.41G   0.06002   0.02669         0   0.08671        74       640    0.2958    0.9434    0.5725     0.173   0.03539   0.01944         0
   542/599     7.41G   0.04562   0.03062         0   0.07625       131       640    0.2958    0.9434    0.5725     0.173   0.03539   0.01947         0
   543/599     7.41G   0.06226   0.03174         0     0.094        92       640    0.2958    0.9434    0.5725     0.173   0.03539   0.01944         0
   544/599     7.41G   0.04498   0.03013         0   0.07511       135       640    0.2939    0.9434     0.587    0.1571   0.03513   0.01939         0
   545/599     7.41G   0.06311   0.02478         0   0.08789       102       640    0.2939    0.9434     0.587    0.1571   0.03513   0.01943         0
   546/599     7.41G   0.05919   0.02764         0   0.08683       124       640    0.3168    0.9434    0.6235    0.1516   0.03515   0.01927         0
   547/599     7.41G   0.06081   0.02764         0   0.08846       155       640    0.3168    0.9434    0.6235    0.1516   0.03515   0.01924         0
   548/599     7.41G   0.05495   0.02732         0   0.08227       204       640    0.3168    0.9434    0.6235    0.1516   0.03515   0.01924         0
   549/599     7.41G    0.0547   0.02838         0   0.08308       138       640     0.327    0.9434    0.6298    0.1683   0.03536   0.01903         0
   550/599     7.41G   0.05597   0.02521         0   0.08118       145       640     0.327    0.9434    0.6298    0.1683   0.03536     0.019         0
   551/599     7.41G   0.07192   0.03146         0    0.1034       181       640     0.327    0.9434    0.6298    0.1683   0.03536   0.01905         0
   552/599     7.41G   0.05603   0.02589         0   0.08193       135       640    0.3265    0.9434    0.6042    0.1689   0.03563   0.01893         0
   553/599     7.41G   0.04527    0.0265         0   0.07177       121       640    0.3265    0.9434    0.6042    0.1689   0.03563    0.0189         0
   554/599     7.41G   0.05142   0.02926         0   0.08068       118       640    0.3212    0.9245    0.5835     0.156   0.03546   0.01901         0
   555/599     7.41G   0.05511    0.0256         0    0.0807        85       640    0.3212    0.9245    0.5835     0.156   0.03546   0.01909         0
   556/599     7.41G   0.05155   0.02807         0   0.07963       149       640    0.3212    0.9245    0.5835     0.156   0.03546   0.01912         0
   557/599     7.41G   0.05178   0.02839         0   0.08017       176       640     0.329    0.9245    0.6107    0.1467   0.03477   0.01913         0
   558/599     7.41G   0.05362    0.0322         0   0.08582       169       640     0.329    0.9245    0.6107    0.1467   0.03477   0.01913         0
   559/599     7.41G    0.0583   0.02379         0   0.08209       110       640     0.329    0.9245    0.6107    0.1467   0.03477   0.01919         0
   560/599     7.41G    0.0473   0.02629         0    0.0736       165       640    0.3299    0.9245    0.6055    0.1567   0.03474   0.01901         0
   561/599     7.41G   0.05972   0.02921         0   0.08892        86       640    0.3299    0.9245    0.6055    0.1567   0.03474   0.01901         0
   562/599     7.41G   0.05247   0.02434         0   0.07681       139       640     0.314    0.9066     0.567    0.1668   0.03526   0.01873         0
   563/599     7.41G   0.05371   0.03304         0   0.08675       191       640     0.314    0.9066     0.567    0.1668   0.03526   0.01876         0
   564/599     7.41G   0.05472   0.02356         0   0.07828       167       640     0.314    0.9066     0.567    0.1668   0.03526   0.01873         0
   565/599     7.41G   0.05443   0.02798         0   0.08241        92       640    0.3168    0.9057    0.5042    0.1719   0.03708   0.01864         0
   566/599     7.41G    0.0547   0.02271         0   0.07741        93       640    0.3168    0.9057    0.5042    0.1719   0.03708   0.01864         0
   567/599     7.41G   0.05719   0.03354         0   0.09072       187       640    0.3168    0.9057    0.5042    0.1719   0.03708   0.01867         0
   568/599     7.41G   0.06027   0.02415         0   0.08442       120       640    0.3425    0.9434    0.5465    0.1593   0.03771   0.01857         0
   569/599     7.41G   0.04712   0.02407         0    0.0712       107       640    0.3425    0.9434    0.5465    0.1593   0.03771   0.01857         0
   570/599     7.41G   0.05641   0.03007         0   0.08649       185       640    0.3589    0.9245    0.5482    0.1571   0.03619   0.01868         0
   571/599     7.41G   0.05152   0.02316         0   0.07468        88       640    0.3589    0.9245    0.5482    0.1571   0.03619   0.01868         0
   572/599     7.41G   0.06841   0.02435         0   0.09276       117       640    0.3589    0.9245    0.5482    0.1571   0.03619   0.01868         0
   573/599     7.41G   0.05387   0.03601         0   0.08988        95       640    0.3698    0.9057     0.578    0.1561   0.03626   0.01869         0
   574/599     7.41G   0.06161   0.03047         0   0.09208       116       640    0.3698    0.9057     0.578    0.1561   0.03626   0.01866         0
   575/599     7.41G   0.05018   0.03232         0    0.0825       130       640    0.3698    0.9057     0.578    0.1561   0.03626   0.01866         0
   576/599     7.41G    0.0552   0.02063         0   0.07583        66       640    0.3847    0.8868    0.5772    0.1528   0.03558   0.01866         0
   577/599     7.41G   0.05095   0.02718         0   0.07813       102       640    0.3847    0.8868    0.5772    0.1528   0.03558   0.01866         0
   578/599     7.41G   0.06115   0.02698         0   0.08814       114       640    0.3333    0.8491    0.5372    0.1447   0.03678   0.01865         0
   579/599     7.41G   0.05375   0.03007         0   0.08382        95       640    0.3333    0.8491    0.5372    0.1447   0.03678   0.01856         0
   580/599     7.41G   0.04838   0.02679         0   0.07517       201       640    0.3333    0.8491    0.5372    0.1447   0.03678   0.01856         0
   581/599     7.41G   0.04469   0.02759         0   0.07227       119       640    0.3133    0.8679    0.5374    0.1546   0.03774    0.0184         0
   582/599     7.41G   0.04408   0.02664         0   0.07072       137       640    0.3133    0.8679    0.5374    0.1546   0.03774   0.01844         0
   583/599     7.41G   0.06695   0.02663         0   0.09358       145       640    0.3133    0.8679    0.5374    0.1546   0.03774   0.01843         0
   584/599     7.41G   0.04714   0.02834         0   0.07548       110       640    0.2834    0.8679    0.4748     0.127   0.03861   0.01842         0
   585/599     7.41G   0.06666   0.02779         0   0.09444       136       640    0.2834    0.8679    0.4748     0.127   0.03861   0.01836         0
   586/599     7.41G   0.06122   0.02466         0   0.08588       104       640     0.312    0.8868    0.5259     0.148   0.03617   0.01872         0
   587/599     7.41G   0.04288   0.03313         0   0.07601       128       640     0.312    0.8868    0.5259     0.148   0.03617   0.01878         0
   588/599     7.41G    0.0506   0.02421         0   0.07481       130       640     0.312    0.8868    0.5259     0.148   0.03617   0.01872         0
   589/599     7.41G   0.04876   0.03132         0   0.08009       199       640    0.3549    0.9057     0.557    0.1451   0.03521   0.01891         0
   590/599     7.41G   0.04209   0.02373         0   0.06582        99       640    0.3549    0.9057     0.557    0.1451   0.03521   0.01891         0
   591/599     7.41G   0.06557   0.02908         0   0.09465       199       640    0.3549    0.9057     0.557    0.1451   0.03521   0.01891         0
   592/599     7.41G   0.05084   0.02528         0   0.07612       119       640    0.3484    0.8868    0.5291    0.1425   0.03515   0.01895         0
   593/599     7.41G   0.05933   0.02899         0   0.08832       150       640    0.3484    0.8868    0.5291    0.1425   0.03515   0.01895         0
   594/599     7.41G   0.06414     0.029         0   0.09314       129       640    0.3684    0.9057    0.5678    0.1421   0.03515   0.01897         0
   595/599     7.41G   0.05396   0.02721         0   0.08117       119       640    0.3684    0.9057    0.5678    0.1421   0.03515   0.01893         0
   596/599     7.41G    0.0586   0.03169         0   0.09028       200       640    0.3684    0.9057    0.5678    0.1421   0.03515   0.01893         0
   597/599     7.41G    0.0649   0.02736         0   0.09226       128       640    0.3519    0.9057    0.5814     0.143   0.03553   0.01905         0
   598/599     7.41G   0.04286   0.02586         0   0.06873       145       640    0.3519    0.9057    0.5814     0.143   0.03553   0.01903         0
   599/599     7.41G    0.0501   0.02191         0     0.072       104       640    0.3519    0.9057    0.5814     0.143   0.03553   0.01903         0
