     0/599     9.77G    0.1273   0.03931         0    0.1666       155       640         0         0         0         0   0.08452   0.02386         0
     1/599     9.66G    0.1129   0.03691         0    0.1499       142       640         0         0         0         0   0.08278   0.02436         0
     2/599     9.66G    0.1118   0.04248         0    0.1542       128       640         0         0         0         0   0.08101   0.02481         0
     3/599     9.66G   0.09589   0.03988         0    0.1358       182       640         0         0         0         0    0.0796   0.02508         0
     4/599     9.66G    0.1219   0.03995         0    0.1619       106       640         0         0         0         0   0.07813   0.02529         0
     5/599     9.66G     0.107      0.04         0     0.147       160       640         0         0         0         0   0.07645   0.02517         0
     6/599     9.66G    0.1018   0.04274         0    0.1445        99       640         0         0         0         0   0.07427    0.0252         0
     7/599     9.66G    0.1097   0.03818         0    0.1479       170       640         0         0         0         0   0.07173   0.02519         0
     8/599     9.66G     0.103   0.03926         0    0.1423       129       640 0.0008291   0.01887 1.988e-05 1.988e-06   0.06922   0.02524         0
     9/599     9.66G    0.1093    0.0406         0    0.1499       137       640 0.0009198   0.01887 2.134e-05 6.401e-06   0.06676   0.02498         0
    10/599     9.66G   0.08628   0.04405         0    0.1303       123       640  0.000804   0.01887 1.952e-05 5.855e-06   0.06482   0.02469         0
    11/599     9.66G    0.1043   0.04503         0    0.1493       116       640 0.0006895   0.01887 1.534e-05 6.137e-06   0.06255   0.02447         0
    12/599     9.66G   0.08948   0.04062         0    0.1301       145       640  0.002213    0.0566  0.000146 2.291e-05   0.05985   0.02486         0
    13/599     9.66G    0.1047   0.04967         0    0.1543       109       640  0.001683   0.03774  7.93e-05 2.379e-05   0.05861   0.02477         0
    14/599     9.66G   0.08009   0.04838         0    0.1285       157       640  0.003337    0.1132 0.0003999 6.987e-05   0.05791   0.02448         0
    15/599     9.66G   0.08602    0.0419         0    0.1279        94       640     0.005    0.1698 0.0008885 0.0001405   0.05745   0.02436         0
    16/599     9.66G   0.09074   0.04773         0    0.1385       156       640   0.00561    0.1698   0.00112  0.000236    0.0585   0.02387         0
    17/599     9.66G    0.0962   0.04156         0    0.1378       143       640  0.006667    0.2264  0.001618 0.0003823   0.05925   0.02384         0
    18/599     9.66G   0.07669   0.04985         0    0.1265       225       640  0.008664    0.1887  0.002449 0.0005472   0.06049    0.0236         0
    19/599     9.66G   0.09737   0.03859         0     0.136       114       640  0.007222    0.2453  0.001809 0.0004151   0.05945   0.02271         0
    20/599     9.66G   0.08842   0.04185         0    0.1303       135       640    0.0113    0.2264  0.003387 0.0004761   0.05934   0.02208         0
    21/599     9.66G   0.08458   0.04691         0    0.1315       109       640   0.02037   0.07547  0.007374  0.001064   0.06014   0.02169         0
    22/599     9.66G   0.09668   0.04376         0    0.1404       162       640   0.02492    0.1132   0.01188  0.001771   0.05705   0.02195         0
    23/599     9.66G   0.09348   0.04194         0    0.1354       132       640   0.04997    0.1509   0.02765   0.00469   0.05673   0.02177         0
    24/599     9.66G   0.08325    0.0472         0    0.1305       114       640   0.07416    0.1132   0.02582  0.004857   0.05524   0.02173         0
    25/599     9.66G   0.08562   0.05071         0    0.1363       143       640   0.06303    0.1698   0.02538    0.0055   0.05368    0.0213         0
    26/599     9.66G   0.08337   0.04221         0    0.1256       116       640     0.185    0.2075   0.06823   0.01391   0.05352    0.0212         0
    27/599     9.66G   0.08372   0.04077         0    0.1245       125       640    0.1874    0.2453   0.09143   0.01878   0.05466   0.02084         0
    28/599     9.66G   0.07855    0.0402         0    0.1188        83       640    0.2266    0.2075    0.1138   0.02059   0.05186   0.02066         0
    29/599     9.66G   0.07178   0.04442         0    0.1162       143       640    0.2328    0.2453    0.1156   0.01743   0.05126   0.02019         0
    30/599     9.66G   0.05973   0.03338         0   0.09311       116       640    0.1982    0.3019   0.09937   0.01875   0.05189   0.01918         0
    31/599     9.66G   0.08993   0.04058         0    0.1305       113       640     0.225    0.3019    0.1256   0.02153   0.05043   0.01899         0
    32/599     9.66G   0.08138   0.03952         0    0.1209       129       640    0.2504    0.5283     0.201   0.03483    0.0529   0.01848         0
    33/599     9.66G   0.09083   0.04557         0    0.1364       120       640    0.2133    0.5283    0.1781   0.02845   0.05303   0.01819         0
    34/599     9.66G   0.09406    0.0418         0    0.1359        94       640    0.1969    0.6038    0.2108   0.04126   0.04931   0.01814         0
    35/599     9.66G   0.07658   0.04596         0    0.1225       105       640    0.2623    0.3962    0.2214   0.04355     0.048   0.01815         0
    36/599     9.66G   0.06683   0.04504         0    0.1119       144       640    0.3158     0.434    0.2427   0.03976   0.04712   0.01801         0
    37/599     9.66G    0.0859   0.03625         0    0.1222        86       640    0.3588    0.4528    0.2854   0.04894   0.04658   0.01792         0
    38/599     9.66G   0.08499   0.03453         0    0.1195       109       640    0.3198    0.5283    0.2875   0.05552   0.04557   0.01808         0
    39/599     9.66G   0.06177   0.04067         0    0.1024       100       640    0.3674    0.6026    0.3464   0.06584   0.04475   0.01816         0
    40/599     9.66G   0.07911   0.03403         0    0.1131        91       640    0.2996    0.4528    0.2259    0.0459   0.04569    0.0183         0
    41/599     9.66G   0.08876   0.03927         0     0.128       117       640    0.3469    0.5212    0.2807   0.05594   0.04572   0.01853         0
    42/599     9.66G    0.0773   0.04346         0    0.1208       121       640     0.462    0.4906    0.3594   0.06675   0.04461   0.01887         0
    43/599     9.66G    0.0722    0.0409         0    0.1131       124       640    0.4739    0.5283    0.3773   0.07551    0.0435   0.01892         0
    44/599     9.66G   0.06656   0.04067         0    0.1072       138       640    0.3326    0.4528    0.2669   0.05427   0.04348    0.0187         0
    45/599     9.66G   0.07815   0.03793         0    0.1161       108       640     0.354    0.4717    0.2912   0.06913    0.0429   0.01881         0
    46/599     9.66G   0.08038   0.04348         0    0.1239       124       640    0.4344    0.4528     0.338   0.07279   0.04308   0.01856         0
    47/599     9.66G   0.07533    0.0391         0    0.1144       112       640    0.2826    0.5203    0.2645   0.04873   0.04333   0.01853         0
    48/599     9.66G   0.07467   0.03814         0    0.1128       135       640    0.3517    0.5283    0.2956   0.05957   0.04029   0.01836         0
    49/599     9.66G   0.07219   0.03734         0    0.1095       120       640    0.3168    0.6415    0.3038   0.07418   0.04121   0.01781         0
    50/599     9.66G   0.06151    0.0341         0   0.09561       115       640    0.2949    0.6792    0.2734     0.052   0.04222   0.01682         0
    51/599     9.66G   0.08258   0.03675         0    0.1193       132       640    0.3848    0.5094    0.3282   0.05978   0.04377   0.01662         0
    52/599     9.66G   0.07109   0.04179         0    0.1129       145       640    0.4558    0.5846    0.3863   0.08523   0.04288   0.01616         0
    53/599     9.66G   0.08048    0.0382         0    0.1187       109       640    0.4988    0.4906    0.4434    0.1072   0.04196   0.01601         0
    54/599     9.66G   0.06636   0.03861         0     0.105        87       640    0.5081    0.5472    0.4871   0.09964   0.04133    0.0153         0
    55/599     9.66G   0.07514   0.03149         0    0.1066        81       640    0.3988    0.4906    0.3367   0.06604   0.04366   0.01539         0
    56/599     9.66G   0.06934   0.04017         0    0.1095       146       640    0.4881    0.4528    0.4164   0.09457   0.04612   0.01534         0
    57/599     9.66G   0.06866    0.0273         0   0.09596       122       640    0.5739    0.5844     0.586     0.125   0.04155   0.01511         0
    58/599     9.66G   0.07085   0.03305         0    0.1039       116       640    0.5172    0.5659    0.5052    0.1264    0.0416   0.01503         0
    59/599     9.66G   0.07834   0.03215         0    0.1105       105       640    0.3964    0.6226    0.4634    0.1201   0.03995   0.01538         0
    60/599     9.66G   0.06965   0.03501         0    0.1047       109       640    0.4909     0.564    0.5061    0.1234   0.03662    0.0156         0
    61/599     9.66G    0.0755   0.03474         0    0.1102       148       640    0.5072    0.6603    0.5138    0.1272   0.03603   0.01535         0
    62/599     9.66G   0.05887   0.03093         0   0.08979        85       640    0.3832    0.6564    0.4334    0.1203   0.03871   0.01526         0
    63/599     9.66G   0.06831    0.0317         0       0.1       127       640     0.407    0.5849    0.4069    0.1257   0.04247   0.01521         0
    64/599     9.66G     0.068    0.0352         0    0.1032       154       640    0.4217    0.8113    0.4868    0.1282   0.03539   0.01514         0
    65/599     9.66G   0.06427   0.03315         0   0.09742       107       640     0.423    0.6226    0.3889   0.09536   0.03873   0.01538         0
    66/599     9.66G   0.07595   0.03097         0    0.1069       107       640      0.23    0.6038    0.2086   0.03321   0.04762   0.01411         0
    67/599     9.66G   0.05595   0.03984         0   0.09579        99       640    0.3222    0.8072    0.3951   0.08779   0.04016   0.01494         0
    68/599     9.66G   0.06388   0.02631         0   0.09019       135       640    0.3956    0.6792    0.4325    0.1011   0.03831   0.01465         0
    69/599     9.66G   0.07225   0.03207         0    0.1043       124       640    0.4795    0.6953    0.4757   0.08522   0.03438   0.01496         0
    70/599     9.66G   0.06316   0.02603         0    0.0892        81       640    0.5061    0.7547    0.5902     0.147   0.03308   0.01441         0
    71/599     9.66G   0.07002   0.03078         0    0.1008       104       640    0.4296    0.5283    0.4296   0.09091   0.04458   0.01371         0
    72/599     9.66G   0.04622   0.03111         0   0.07733        98       640    0.4698    0.7547    0.5681    0.1615   0.03796    0.0141         0
    73/599     9.66G   0.05224   0.03755         0   0.08979       166       640    0.4985    0.8254    0.6061    0.1707   0.03502   0.01417         0
    74/599     9.66G   0.06237    0.0288         0   0.09117       109       640    0.5028    0.7925    0.5734    0.1382   0.03536   0.01435         0
    75/599     9.66G   0.05434   0.03321         0   0.08755       154       640    0.5509    0.8113    0.5601    0.1361    0.0347   0.01461         0
    76/599     9.66G   0.07054   0.03895         0    0.1095       154       640    0.6035    0.6032    0.5705    0.1441   0.04144   0.01479         0
    77/599     9.66G   0.06304   0.03265         0   0.09569       111       640    0.5283    0.6973    0.5477    0.1386   0.04393   0.01485         0
    78/599     9.66G   0.06385   0.03518         0   0.09903       144       640    0.5519    0.7925    0.5765    0.1372   0.04209   0.01523         0
    79/599     9.66G   0.04301    0.0299         0   0.07291        84       640    0.5243    0.8113    0.5872     0.163    0.0346   0.01513         0
    80/599     9.66G   0.07255   0.02852         0    0.1011        89       640    0.5124    0.6981    0.5148     0.123   0.03883   0.01489         0
    81/599     9.66G   0.05498   0.02795         0   0.08294       120       640    0.5209    0.6976     0.522     0.119    0.0463   0.01456         0
    82/599     9.66G   0.06807   0.03021         0   0.09828       179       640    0.5578     0.717    0.5589    0.1458   0.03261   0.01456         0
    83/599     9.66G   0.06188   0.03441         0    0.0963       140       640    0.5367    0.6604    0.5045    0.1213   0.03781   0.01434         0
    84/599     9.66G   0.07191    0.0346         0    0.1065       160       640    0.5193    0.7547    0.5051    0.1345   0.03738   0.01448         0
    85/599     9.66G    0.0691   0.02481         0   0.09391        81       640    0.5625    0.7547    0.5465    0.1214   0.03534   0.01425         0
    86/599     9.66G   0.06097   0.02668         0   0.08764       106       640    0.3125    0.6792    0.3012   0.04864   0.03509   0.01337         0
    87/599     9.66G   0.05881   0.02731         0   0.08612        92       640    0.4805    0.6981    0.4606   0.09036   0.03466   0.01312         0
    88/599     9.66G   0.05475    0.0299         0   0.08465        99       640    0.4864    0.6969    0.4737    0.1076   0.03887   0.01319         0
    89/599     9.66G   0.06106   0.02683         0   0.08789        89       640    0.2802    0.8302    0.3201   0.04645   0.03838   0.01293         0
    90/599     9.66G   0.06818   0.02724         0   0.09542       100       640    0.5244    0.7906    0.5635    0.1596   0.03183    0.0131         0
    91/599     9.66G   0.06096   0.03087         0   0.09184       100       640    0.4994    0.6792    0.4759    0.1076    0.0383   0.01289         0
    92/599     9.66G   0.04365   0.03184         0   0.07549       160       640    0.5371    0.7736    0.5636    0.1532   0.03745   0.01333         0
    93/599     9.66G   0.05407    0.0239         0   0.07798       107       640     0.514    0.6604    0.5141     0.142   0.03208   0.01349         0
    94/599     9.66G   0.05237   0.03099         0   0.08336       144       640    0.5527    0.6792    0.5515    0.1633   0.03476   0.01351         0
    95/599     9.66G   0.06882    0.0279         0   0.09672        77       640    0.5369    0.8113    0.5725    0.1602   0.03644   0.01357         0
    96/599     9.66G    0.0702   0.03077         0     0.101       121       640    0.5995    0.7345    0.5652    0.1736   0.03741    0.0136         0
    97/599     9.66G   0.05732   0.02758         0    0.0849        92       640    0.5057    0.7547    0.5073    0.1159   0.03403   0.01393         0
    98/599     9.66G   0.07078   0.02786         0   0.09864       152       640    0.5754     0.717    0.5437    0.1379   0.04195   0.01348         0
    99/599     9.66G     0.055   0.02731         0   0.08232       118       640    0.6606    0.6981    0.6145     0.156   0.03081   0.01319         0
   100/599     9.66G   0.06021   0.02728         0   0.08749        98       640    0.5844    0.7163    0.5546    0.1496   0.03917    0.0127         0
   101/599     9.66G   0.06045   0.02493         0   0.08538       129       640    0.6001    0.7736    0.5724    0.1566   0.03929   0.01232         0
   102/599     9.66G   0.07477   0.02984         0    0.1046       155       640    0.2445    0.4906    0.2159   0.03824   0.03818   0.01158         0
   103/599     9.66G   0.05212   0.02691         0   0.07903       118       640    0.5386    0.8679    0.5563    0.1432   0.03364   0.01205         0
   104/599     9.66G   0.05913   0.02916         0   0.08829       126       640     0.538    0.7925    0.5583    0.1551   0.04111   0.01219         0
   105/599     9.66G   0.05234   0.02987         0   0.08221       157       640    0.4675    0.6791    0.4698    0.1106   0.03297   0.01207         0
   106/599     9.66G   0.05149   0.02595         0   0.07744       108       640    0.4747    0.5472    0.4055   0.09783   0.03867   0.01174         0
   107/599     9.66G   0.05719   0.02575         0   0.08294        92       640    0.5363    0.6792    0.4988    0.1117   0.03258   0.01239         0
   108/599     9.66G   0.06535   0.02808         0   0.09343       102       640    0.4775    0.6035      0.44    0.1036   0.03498   0.01233         0
   109/599     9.66G   0.06064   0.03151         0   0.09214       166       640    0.4387    0.6792    0.4193   0.08493   0.03305    0.0128         0
   110/599     9.66G   0.05698   0.02831         0   0.08529       120       640    0.4591    0.6415    0.4193   0.09481   0.03584   0.01248         0
   111/599     9.66G   0.07217   0.02937         0    0.1015       112       640     0.496    0.6604     0.473    0.1085   0.04134    0.0124         0
   112/599     9.66G    0.0564   0.02677         0   0.08317       107       640     0.395    0.6407    0.4394   0.09274   0.03331   0.01255         0
   113/599     9.66G    0.0569   0.02635         0   0.08325       123       640    0.6118    0.6038    0.5457    0.1352   0.03902   0.01233         0
   114/599     9.66G    0.0677   0.02366         0   0.09136        95       640    0.5181     0.791    0.5392    0.1134   0.03333   0.01263         0
   115/599     9.66G   0.06771   0.02769         0    0.0954        78       640    0.5744    0.7894    0.6025    0.1503   0.03217   0.01274         0
   116/599     9.66G   0.06504   0.02898         0   0.09403       168       640    0.5352     0.717    0.5786    0.1525   0.03475    0.0121         0
   117/599     9.66G   0.06873   0.02903         0   0.09776       131       640    0.5522    0.7925    0.6333    0.1943   0.03489   0.01191         0
   118/599     9.66G    0.0593    0.0238         0    0.0831       144       640    0.6339    0.6206    0.5976    0.1394   0.03685    0.0118         0
   119/599     9.66G   0.05365   0.02791         0   0.08156       126       640    0.5984    0.8868    0.6963    0.1967   0.03074   0.01207         0
   120/599     9.66G   0.06236   0.02642         0   0.08877       128       640    0.5589    0.6217    0.5037    0.1227   0.04812   0.01189         0
   121/599     9.66G   0.07021   0.02515         0   0.09536       128       640    0.1363    0.5849   0.09063   0.01417   0.04837   0.01098         0
   122/599     9.66G   0.08146   0.02275         0    0.1042       106       640    0.1786    0.5094    0.1543   0.02286   0.04351   0.01077         0
   123/599     9.66G    0.0921   0.02075         0    0.1128       118       640    0.1786    0.5094    0.1543   0.02286   0.04351   0.01077         0
   124/599     9.66G   0.08322   0.02297         0    0.1062       117       640    0.4098    0.7736    0.4552    0.1025   0.03858   0.01177         0
   125/599     9.66G   0.08282    0.0272         0      0.11       217       640     0.238    0.8604    0.2393   0.04726   0.04776   0.01099         0
   126/599     9.66G   0.07306   0.03195         0     0.105       151       640    0.3389    0.5283    0.3077   0.06776    0.0455   0.01127         0
   127/599     9.66G   0.08109   0.02046         0    0.1016       117       640    0.3389    0.5283    0.3077   0.06776    0.0455   0.01127         0
   128/599     9.66G   0.08425    0.0225         0    0.1068       153       640    0.3579    0.6792    0.3894    0.1016   0.04612   0.01218         0
   129/599     9.66G   0.07571   0.02298         0   0.09868        87       640    0.4818     0.566    0.4357   0.07766   0.04371   0.01248         0
   130/599     9.66G   0.07264   0.02473         0   0.09737       116       640    0.1299    0.7547    0.1213   0.01895   0.04107   0.01146         0
   131/599     9.66G   0.08473   0.02183         0    0.1066       133       640    0.1299    0.7547    0.1213   0.01895   0.04107   0.01146         0
   132/599     9.66G   0.06545   0.02542         0   0.09087       140       640    0.4935    0.7736    0.5122    0.1295   0.03143   0.01251         0
   133/599     9.66G   0.06461   0.02768         0   0.09229       152       640    0.5316    0.7925    0.5427    0.1221   0.04212   0.01326         0
   134/599     9.66G    0.0701   0.02617         0   0.09627        97       640   0.09805    0.6981     0.102   0.01231   0.05283   0.01166         0
   135/599     9.66G   0.07915   0.02225         0    0.1014        76       640   0.09805    0.6981     0.102   0.01231   0.05283   0.01165         0
   136/599     9.66G   0.08721   0.01927         0    0.1065        93       640    0.1749    0.7736    0.2014   0.02986   0.05424   0.01081         0
   137/599     9.66G   0.07883   0.02048         0   0.09931        63       640     0.418    0.8268    0.4391   0.07273   0.05142   0.01079         0
   138/599     9.66G   0.07905   0.02119         0    0.1002       100       640    0.2318    0.7925    0.2301   0.04371   0.05086   0.01035         0
   139/599     9.66G   0.06598   0.02524         0   0.09122        64       640    0.2318    0.7925    0.2301   0.04371   0.05086   0.01035         0
   140/599     9.66G    0.0796   0.02286         0    0.1025        98       640     0.545    0.5472    0.4866    0.1022    0.0406    0.0117         0
   141/599     9.66G    0.0658   0.02808         0   0.09388       139       640    0.6701     0.717    0.6503    0.2018   0.03273   0.01179         0
   142/599     9.66G     0.054   0.03104         0   0.08504       156       640    0.4115    0.6728    0.4645    0.1063   0.05052   0.01191         0
   143/599     9.66G   0.05815   0.02921         0   0.08736       157       640    0.4115    0.6728    0.4645    0.1063   0.05052   0.01191         0
   144/599     9.66G   0.06763   0.03358         0    0.1012       155       640    0.4735    0.8491    0.5679    0.1443   0.04358   0.01308         0
   145/599     9.66G   0.05314   0.02774         0   0.08088       109       640    0.4638    0.6226     0.464    0.1009   0.03758     0.013         0
   146/599     9.66G   0.07261   0.02387         0   0.09648        88       640    0.1257    0.6038    0.1126   0.01993   0.04901   0.00932         0
   147/599     9.66G   0.07343   0.02122         0   0.09465       120       640    0.1257    0.6038    0.1126   0.01993   0.04901  0.009348         0
   148/599     9.66G   0.07101   0.02267         0   0.09368       115       640    0.1576    0.6415    0.1476   0.02568   0.05065  0.007845         0
   149/599     9.66G   0.06113   0.02077         0    0.0819        94       640    0.1774    0.6604    0.1619   0.02935    0.0556  0.007343         0
   150/599     9.66G   0.06947   0.02486         0   0.09433       107       640    0.1808    0.6226    0.1789   0.03357    0.0571  0.007321         0
   151/599     9.66G   0.08261    0.0211         0    0.1037       108       640    0.1808    0.6226    0.1789   0.03357    0.0571  0.007321         0
   152/599     9.66G   0.07148   0.02036         0   0.09184       117       640    0.2179    0.6981    0.2649   0.04817   0.05543  0.007235         0
   153/599     9.66G   0.07577   0.02508         0    0.1009       127       640    0.3481    0.4151     0.323   0.07216   0.05141  0.007708         0
   154/599     9.66G    0.0655   0.02154         0   0.08703        64       640    0.2132    0.6792    0.2185    0.0408   0.06127  0.007923         0
   155/599     9.66G   0.07607   0.02152         0   0.09759       166       640    0.2132    0.6792    0.2185    0.0408   0.06127  0.007907         0
   156/599     9.66G   0.08446   0.02274         0    0.1072       148       640    0.2752    0.6981    0.2699   0.04445   0.05885  0.008335         0
   157/599     9.66G   0.07743   0.02719         0    0.1046       133       640    0.3398    0.7358    0.3918   0.08136   0.04832  0.009658         0
   158/599     9.66G   0.05962   0.02235         0   0.08197        90       640      0.25    0.6792    0.2225   0.04305   0.05307   0.01147         0
   159/599     9.66G   0.08531   0.02796         0    0.1133       123       640      0.25    0.6792    0.2225   0.04305   0.05307   0.01145         0
   160/599     9.66G   0.05811   0.02694         0   0.08505        96       640     0.276    0.7913    0.2788   0.05171    0.0443   0.01322         0
   161/599     9.66G   0.06578   0.02328         0   0.08906       129       640    0.3998    0.4906     0.422    0.0923   0.04261   0.01318         0
   162/599     9.66G   0.06742   0.02034         0   0.08776        69       640    0.4088    0.4828    0.3918   0.07677   0.04302   0.01239         0
   163/599     9.66G   0.06577   0.02774         0   0.09351       113       640    0.4088    0.4828    0.3918   0.07677   0.04302   0.01239         0
   164/599     9.66G   0.06134   0.03038         0   0.09172        92       640    0.3854    0.6981    0.4174   0.09501   0.04448   0.01215         0
   165/599     9.66G   0.06729   0.02964         0   0.09694        66       640    0.4482    0.6604    0.4266   0.09563   0.04491    0.0113         0
   166/599     9.66G   0.05687   0.02725         0   0.08412        92       640     0.305    0.6792    0.3098   0.06939   0.04568   0.01016         0
   167/599     9.66G   0.05413   0.02696         0    0.0811        97       640     0.305    0.6792    0.3098   0.06939   0.04568   0.01015         0
   168/599     9.66G   0.06385   0.02303         0   0.08688       195       640    0.2959    0.9245    0.3065   0.06136    0.0418   0.01137         0
   169/599     9.66G   0.07262   0.02196         0   0.09458       105       640    0.2959    0.9245    0.3065   0.06136    0.0418   0.01141         0
   170/599     9.66G   0.06865   0.02605         0    0.0947       108       640    0.3665    0.7547    0.3681   0.08143   0.03783   0.01145         0
   171/599     9.66G   0.06332   0.02445         0   0.08777       138       640    0.1685    0.7547    0.1791   0.03419   0.06679  0.009482         0
   172/599     9.66G   0.07968   0.02222         0    0.1019       148       640    0.1685    0.7547    0.1791   0.03419   0.06679  0.009482         0
   173/599     9.66G   0.07185   0.02352         0   0.09537       109       640    0.2612    0.5849    0.2701   0.06449   0.05857   0.01011         0
   174/599     9.66G   0.06503   0.02293         0   0.08796        83       640    0.2612    0.5849    0.2701   0.06449   0.05857   0.01011         0
   175/599     9.66G   0.06414   0.03292         0   0.09707       123       640    0.4109     0.566    0.4294    0.1154   0.05072    0.0102         0
   176/599     9.66G    0.0677   0.02852         0   0.09622       153       640    0.4648    0.7547    0.5405    0.1495   0.03795   0.01026         0
   177/599     9.66G    0.0468   0.02725         0   0.07405       153       640    0.4648    0.7547    0.5405    0.1495   0.03795   0.01026         0
   178/599     9.66G    0.0636   0.02795         0   0.09155       166       640    0.4871    0.7358     0.537    0.1459    0.0414   0.01078         0
   179/599     9.66G   0.04996   0.02778         0   0.07774       158       640    0.4871    0.7358     0.537    0.1459    0.0414   0.01078         0
   180/599     9.66G   0.04963   0.02672         0   0.07635       100       640    0.4862    0.7142    0.4865    0.1534   0.04786    0.0115         0
   181/599     9.66G   0.06121   0.02585         0   0.08706       149       640    0.4965     0.717    0.4684    0.1216   0.03459   0.01066         0
   182/599     9.66G   0.07137   0.02499         0   0.09636       127       640    0.4965     0.717    0.4684    0.1216   0.03459   0.01066         0
   183/599     9.66G   0.06099   0.02726         0   0.08826       188       640    0.5639    0.8295    0.5576    0.1911   0.04096   0.01036         0
   184/599     9.66G   0.07251   0.02744         0   0.09996       108       640    0.5639    0.8295    0.5576    0.1911   0.04096   0.01036         0
   185/599     9.66G   0.06148    0.0226         0   0.08408       138       640    0.5724    0.8113    0.5725    0.1669   0.04424   0.01057         0
   186/599     9.66G   0.05908   0.02739         0   0.08647       137       640    0.4995    0.7925    0.5301    0.1209   0.03576   0.01174         0
   187/599     9.66G   0.05993   0.02329         0   0.08322       103       640    0.4995    0.7925    0.5301    0.1209   0.03576   0.01174         0
   188/599     9.66G    0.0564   0.02734         0   0.08374       169       640    0.5291    0.6784    0.4657    0.1071   0.03984   0.01168         0
   189/599     9.66G   0.06037   0.02192         0   0.08229        92       640    0.5291    0.6784    0.4657    0.1071   0.03984   0.01168         0
   190/599     9.66G   0.05979   0.02761         0    0.0874       194       640    0.5061    0.7539    0.5884    0.1298   0.04194    0.0115         0
   191/599     9.66G   0.06694    0.0263         0   0.09323        91       640    0.4784    0.8491    0.5999    0.1523   0.03554   0.01124         0
   192/599     9.66G   0.06624   0.02542         0   0.09166       127       640    0.4784    0.8491    0.5999    0.1523   0.03554   0.01124         0
   193/599     9.66G   0.06381   0.02351         0   0.08731        78       640    0.5281    0.5279    0.4558    0.1284   0.03426   0.01069         0
   194/599     9.66G   0.06186   0.02284         0    0.0847        86       640    0.5281    0.5279    0.4558    0.1284   0.03426    0.0107         0
   195/599     9.66G     0.061   0.02357         0   0.08457       157       640    0.6202    0.6792    0.6037    0.1899   0.03605   0.01041         0
   196/599     9.66G    0.0522    0.0277         0    0.0799       156       640     0.392    0.4528    0.3279    0.0559   0.05118   0.01024         0
   197/599     9.66G   0.07193   0.02543         0   0.09736       109       640     0.392    0.4528    0.3279    0.0559   0.05118   0.01028         0
   198/599     9.66G   0.07243   0.02543         0   0.09786       141       640    0.6547    0.7514    0.6151    0.1639   0.03268   0.01041         0
   199/599     9.66G   0.05695   0.02425         0   0.08121        90       640    0.6547    0.7514    0.6151    0.1639   0.03268   0.01041         0
   200/599     9.66G   0.05096   0.02315         0   0.07411        81       640    0.6035    0.6032    0.5687    0.1762   0.03269   0.01049         0
   201/599     9.66G   0.05272    0.0249         0   0.07762       133       640    0.5682    0.6226    0.5103    0.1369   0.04892   0.01029         0
   202/599     9.66G   0.05239   0.02146         0   0.07385        70       640    0.5682    0.6226    0.5103    0.1369   0.04892   0.01029         0
   203/599     9.66G   0.05572   0.02372         0   0.07944        83       640    0.5252    0.5843    0.4971    0.1578   0.02864   0.01032         0
   204/599     9.66G   0.05766   0.02065         0   0.07831        71       640    0.5252    0.5843    0.4971    0.1578   0.02864   0.01032         0
   205/599     9.66G   0.04366   0.02408         0   0.06774        71       640    0.5357    0.8489    0.5947    0.1685   0.03359   0.01043         0
   206/599     9.66G   0.05117   0.01847         0   0.06964       100       640    0.5512    0.8112    0.5324    0.1409   0.03432   0.01095         0
   207/599     9.66G   0.06342   0.02157         0   0.08499       100       640    0.5512    0.8112    0.5324    0.1409   0.03432   0.01095         0
   208/599     9.66G    0.0632   0.02504         0   0.08824       107       640    0.6196    0.6792    0.6069    0.1856   0.03229   0.01083         0
   209/599     9.66G   0.06543   0.02473         0   0.09016        87       640    0.6196    0.6792    0.6069    0.1856   0.03229   0.01084         0
   210/599     9.66G    0.0557   0.02517         0   0.08087       128       640    0.6861      0.66    0.6472    0.1796   0.02927   0.01069         0
   211/599     9.66G    0.0583   0.02953         0   0.08784       153       640    0.4369    0.9245     0.486    0.1117   0.04211   0.01111         0
   212/599     9.66G   0.05991   0.02308         0   0.08299       131       640    0.4369    0.9245     0.486    0.1117   0.04211   0.01115         0
   213/599     9.66G   0.06115   0.02568         0   0.08682       161       640    0.5356    0.8488    0.5884    0.1614   0.02927   0.01138         0
   214/599     9.66G   0.06162   0.02365         0   0.08527       113       640    0.5356    0.8488    0.5884    0.1614   0.02927   0.01138         0
   215/599     9.66G   0.05981   0.03036         0   0.09017       126       640    0.5356    0.8488    0.5884    0.1614   0.02927   0.01136         0
   216/599     9.66G   0.05168   0.02106         0   0.07274        90       640     0.575    0.8678    0.6256    0.2169    0.0274   0.01086         0
   217/599     9.66G   0.05145   0.02277         0   0.07422       111       640     0.575    0.8678    0.6256    0.2169    0.0274   0.01086         0
   218/599     9.66G   0.05272   0.02334         0   0.07606        75       640    0.5905    0.7925    0.5973    0.1992   0.03008   0.01062         0
   219/599     9.66G   0.04563   0.02245         0   0.06809       152       640    0.5905    0.7925    0.5973    0.1992   0.03008   0.01061         0
   220/599     9.66G    0.0519   0.02041         0    0.0723       127       640    0.5855    0.7736    0.6246    0.1919   0.03497   0.01062         0
   221/599     9.66G   0.05592   0.02313         0   0.07904       123       640    0.5855    0.7736    0.6246    0.1919   0.03497   0.01062         0
   222/599     9.66G   0.05667   0.02303         0    0.0797       155       640    0.6079    0.8484    0.6674    0.1926   0.02856   0.01045         0
   223/599     9.66G    0.0464   0.01978         0   0.06618        77       640    0.6079    0.8484    0.6674    0.1926   0.02856   0.01045         0
   224/599     9.66G   0.05344   0.02325         0   0.07669       152       640     0.701    0.7547     0.704     0.214   0.02847   0.01022         0
   225/599     9.66G   0.04642   0.02601         0   0.07243       128       640     0.701    0.7547     0.704     0.214   0.02847   0.01022         0
   226/599     9.66G   0.06116   0.02142         0   0.08258       105       640    0.6539     0.717    0.6034    0.1895   0.03172   0.00999         0
   227/599     9.66G   0.06061   0.02165         0   0.08226        89       640    0.6539     0.717    0.6034    0.1895   0.03172   0.01001         0
   228/599     9.66G   0.06647   0.02448         0   0.09096       156       640    0.6514    0.8113    0.7276    0.2401   0.03114  0.009829         0
   229/599     9.66G   0.04692   0.02165         0   0.06857       165       640    0.6514    0.8113    0.7276    0.2401   0.03114  0.009829         0
   230/599     9.66G   0.06098   0.02113         0   0.08211        87       640    0.6414    0.8101     0.709    0.2416     0.029  0.009862         0
   231/599     9.66G   0.04934   0.02076         0    0.0701        57       640    0.6414    0.8101     0.709    0.2416     0.029   0.00983         0
   232/599     9.66G   0.06238   0.02158         0   0.08396       121       640    0.6226    0.8113    0.7088    0.2289   0.03261  0.009792         0
   233/599     9.66G   0.04705   0.02236         0   0.06941       126       640    0.6226    0.8113    0.7088    0.2289   0.03261  0.009812         0
   234/599     9.66G   0.05475   0.02601         0   0.08076       137       640    0.6077    0.8491    0.7223    0.2362    0.0325  0.009865         0
   235/599     9.66G   0.05081   0.02146         0   0.07227       185       640    0.6077    0.8491    0.7223    0.2362    0.0325  0.009834         0
   236/599     9.66G   0.05693   0.02358         0   0.08051       115       640    0.6512    0.8101    0.7428    0.2511   0.03343   0.01012         0
   237/599     9.66G   0.05828   0.02562         0    0.0839       119       640    0.6512    0.8101    0.7428    0.2511   0.03343   0.01008         0
   238/599     9.66G   0.04977   0.01961         0   0.06937       128       640      0.65    0.7708    0.6863    0.1955   0.03133  0.009952         0
   239/599     9.66G   0.05398   0.01842         0    0.0724        97       640      0.65    0.7708    0.6863    0.1955   0.03133  0.009952         0
   240/599     9.66G   0.04792   0.01984         0   0.06775       102       640     0.692    0.8491     0.767    0.2296   0.03081  0.009883         0
   241/599     9.66G   0.06193   0.02604         0   0.08796       104       640     0.692    0.8491     0.767    0.2296   0.03081  0.009883         0
   242/599     9.66G    0.0528   0.02183         0   0.07463       127       640    0.6617    0.8488    0.7733      0.27   0.03044  0.009786         0
   243/599     9.66G   0.04522   0.02116         0   0.06638       119       640    0.6617    0.8488    0.7733      0.27   0.03044  0.009853         0
   244/599     9.66G   0.04547   0.02211         0   0.06758       115       640    0.6856    0.9051    0.7608    0.2935   0.03042   0.01035         0
   245/599     9.66G   0.05272   0.02468         0    0.0774       108       640    0.6856    0.9051    0.7608    0.2935   0.03042   0.01035         0
   246/599     9.66G   0.05914   0.01728         0   0.07643        84       640    0.6713    0.8868    0.7703    0.2319   0.02921   0.01068         0
   247/599     9.66G   0.05173   0.02223         0   0.07396       162       640    0.6713    0.8868    0.7703    0.2319   0.02921   0.01074         0
   248/599     9.66G   0.05865   0.01999         0   0.07864       105       640    0.6618     0.886    0.7765    0.2618    0.0294   0.01106         0
   249/599     9.66G   0.06315   0.02599         0   0.08914       134       640    0.6618     0.886    0.7765    0.2618    0.0294   0.01108         0
   250/599     9.66G   0.04995    0.0236         0   0.07356        89       640     0.635    0.8868    0.7693    0.2769   0.03262   0.01121         0
   251/599     9.66G   0.06298   0.01874         0   0.08173        93       640     0.635    0.8868    0.7693    0.2769   0.03262   0.01121         0
   252/599     9.66G   0.05651   0.02196         0   0.07847       100       640     0.676    0.7925    0.7679    0.2733    0.0295   0.01116         0
   253/599     9.66G   0.05354   0.02235         0   0.07589       119       640     0.676    0.7925    0.7679    0.2733    0.0295   0.01116         0
   254/599     9.66G   0.05526   0.02497         0   0.08023       144       640    0.6896    0.7547    0.6935    0.2393   0.02932   0.01116         0
   255/599     9.66G   0.05046   0.02203         0   0.07248       148       640    0.6896    0.7547    0.6935    0.2393   0.02932   0.01116         0
   256/599     9.66G   0.05161   0.02476         0   0.07637       102       640    0.6856    0.8679    0.7487    0.2717   0.02808    0.0108         0
   257/599     9.66G   0.05405   0.02288         0   0.07694       104       640    0.6856    0.8679    0.7487    0.2717   0.02808   0.01077         0
   258/599     9.66G   0.05264   0.02585         0    0.0785       143       640    0.7753    0.7163    0.7744    0.2744   0.02927   0.01109         0
   259/599     9.66G    0.0401   0.02166         0   0.06176        97       640    0.7753    0.7163    0.7744    0.2744   0.02927   0.01109         0
   260/599     9.66G   0.05258   0.02729         0   0.07987       139       640    0.7938    0.7358    0.7583    0.2991   0.02842   0.01089         0
   261/599     9.66G   0.04918   0.02518         0   0.07436       136       640    0.7938    0.7358    0.7583    0.2991   0.02842    0.0109         0
   262/599     9.66G   0.04962   0.02271         0   0.07233       142       640    0.7938    0.7358    0.7583    0.2991   0.02842   0.01089         0
   263/599     9.66G   0.04062   0.02246         0   0.06307       108       640    0.7446    0.6603    0.7213    0.2202    0.0376   0.01066         0
   264/599     9.66G   0.05889   0.02031         0    0.0792        82       640    0.7446    0.6603    0.7213    0.2202    0.0376    0.0107         0
   265/599     9.66G   0.05974   0.02083         0   0.08057        87       640    0.7446    0.6603    0.7213    0.2202    0.0376   0.01066         0
   266/599     9.66G   0.05622    0.0256         0   0.08182       107       640     0.816    0.7532    0.7553    0.2522   0.03012   0.01031         0
   267/599     9.66G   0.05445   0.02016         0   0.07461       106       640     0.816    0.7532    0.7553    0.2522   0.03012   0.01031         0
   268/599     9.66G   0.04323   0.02471         0   0.06794       133       640     0.582    0.8679    0.6951    0.2415   0.03171  0.009346         0
   269/599     9.66G   0.05894   0.02398         0   0.08292       134       640     0.582    0.8679    0.6951    0.2415   0.03171  0.009346         0
   270/599     9.66G   0.04811   0.02003         0   0.06814       141       640     0.254    0.5283    0.2089   0.02688   0.03959  0.008693         0
   271/599     9.66G   0.06947   0.02088         0   0.09035        82       640     0.254    0.5283    0.2089   0.02688   0.03959  0.008693         0
   272/599     9.66G   0.07214   0.02166         0   0.09381       120       640     0.254    0.5283    0.2089   0.02688   0.03959  0.008702         0
   273/599     9.66G     0.077   0.01954         0   0.09654       109       640    0.2098    0.6415    0.1693   0.02929   0.04225  0.008407         0
   274/599     9.66G   0.07402   0.02205         0   0.09608       181       640    0.2098    0.6415    0.1693   0.02929   0.04225   0.00841         0
   275/599     9.66G   0.06895   0.01967         0   0.08862       131       640    0.2777    0.6792    0.2887     0.037   0.03964  0.009202         0
   276/599     9.66G   0.06506   0.02216         0   0.08722        82       640    0.2777    0.6792    0.2887     0.037   0.03964  0.009202         0
   277/599     9.66G   0.06575   0.02617         0   0.09192       138       640    0.6663    0.7911    0.7031    0.2342    0.0366  0.009524         0
   278/599     9.66G   0.06734   0.02159         0   0.08893       117       640    0.6663    0.7911    0.7031    0.2342    0.0366  0.009524         0
   279/599     9.66G   0.05974   0.02582         0   0.08557       146       640    0.6663    0.7911    0.7031    0.2342    0.0366  0.009509         0
   280/599     9.66G   0.06935   0.02203         0   0.09138       117       640    0.6025    0.8295    0.6585    0.1981    0.0373  0.009398         0
   281/599     9.66G   0.05715    0.0216         0   0.07875       119       640    0.6025    0.8295    0.6585    0.1981    0.0373  0.009398         0
   282/599     9.66G   0.06345   0.01918         0   0.08263        68       640    0.6285      0.83    0.6715    0.1987    0.0341  0.009691         0
   283/599     9.66G   0.03494   0.02822         0   0.06316       171       640    0.6285      0.83    0.6715    0.1987    0.0341  0.009691         0
   284/599     9.66G   0.05286   0.02585         0   0.07871       131       640    0.5846    0.7169    0.6307    0.2442   0.03397   0.01041         0
   285/599     9.66G   0.05779   0.02592         0   0.08372       167       640    0.5846    0.7169    0.6307    0.2442   0.03397   0.01034         0
   286/599     9.66G   0.05446   0.02091         0   0.07537       137       640    0.5846    0.7169    0.6307    0.2442   0.03397   0.01043         0
   287/599     9.66G   0.05494   0.01673         0   0.07167        76       640    0.5997    0.7358    0.6272    0.1955   0.03375   0.01087         0
   288/599     9.66G   0.05475   0.02386         0   0.07861       138       640    0.5997    0.7358    0.6272    0.1955   0.03375   0.01089         0
   289/599     9.66G   0.06407   0.02149         0   0.08556       104       640     0.561    0.7716    0.6302    0.2059   0.03177   0.01104         0
   290/599     9.66G   0.04999    0.0243         0   0.07429       167       640     0.561    0.7716    0.6302    0.2059   0.03177   0.01101         0
   291/599     9.66G   0.06134   0.02237         0   0.08371       123       640    0.6338    0.6981     0.661    0.2073   0.03189   0.01019         0
   292/599     9.66G   0.06344   0.01972         0   0.08316        95       640    0.6338    0.6981     0.661    0.2073   0.03189   0.01017         0
   293/599     9.66G   0.04745   0.02301         0   0.07046       133       640    0.6338    0.6981     0.661    0.2073   0.03189   0.01019         0
   294/599     9.66G   0.04011   0.02164         0   0.06175       130       640    0.5245    0.7493     0.631    0.1982   0.03249  0.009869         0
   295/599     9.66G   0.06364   0.02303         0   0.08667       135       640    0.5245    0.7493     0.631    0.1982   0.03249  0.009869         0
   296/599     9.66G   0.05494   0.02361         0   0.07855        98       640    0.5488     0.849    0.6656    0.1936    0.0324  0.009927         0
   297/599     9.66G   0.04067   0.02401         0   0.06468       132       640    0.5488     0.849    0.6656    0.1936    0.0324  0.009927         0
   298/599     9.66G   0.05619   0.02412         0   0.08031       152       640    0.7119    0.6604    0.7049    0.2615   0.03291   0.01027         0
   299/599     9.66G   0.05568   0.02266         0   0.07834        78       640    0.7119    0.6604    0.7049    0.2615   0.03291   0.01027         0
   300/599     9.66G   0.05434   0.02247         0   0.07681       134       640    0.7119    0.6604    0.7049    0.2615   0.03291   0.01028         0
   301/599     9.66G   0.05865     0.024         0   0.08265       101       640    0.5776    0.8257    0.6849    0.2595   0.03331   0.01095         0
   302/599     9.66G   0.06145   0.02424         0   0.08569       113       640    0.5776    0.8257    0.6849    0.2595   0.03331   0.01092         0
   303/599     9.66G   0.05287   0.02336         0   0.07624       101       640    0.5851    0.9057    0.6829    0.2093   0.03469    0.0105         0
   304/599     9.66G   0.05231   0.01788         0   0.07018        85       640    0.5851    0.9057    0.6829    0.2093   0.03469    0.0105         0
   305/599     9.66G   0.04204    0.0274         0   0.06944       148       640    0.5057    0.8113    0.5283    0.1198   0.03707   0.01051         0
   306/599     9.66G   0.05933   0.02073         0   0.08006        76       640    0.5057    0.8113    0.5283    0.1198   0.03707   0.01051         0
   307/599     9.66G   0.06293   0.02233         0   0.08526       117       640    0.5057    0.8113    0.5283    0.1198   0.03707   0.01051         0
   308/599     9.66G   0.06204   0.02259         0   0.08463       105       640    0.4999    0.6035     0.474   0.09015   0.03693   0.01042         0
   309/599     9.66G   0.05035    0.0248         0   0.07515       136       640    0.4999    0.6035     0.474   0.09015   0.03693   0.01043         0
   310/599     9.66G   0.05273   0.02077         0    0.0735       131       640    0.4999    0.6035     0.474   0.09015   0.03693   0.01043         0
   311/599     9.66G   0.04581   0.02265         0   0.06846       124       640    0.4999    0.6035     0.474   0.09015   0.03693   0.01042         0
   312/599     9.66G   0.05846   0.01911         0   0.07757       119       640     0.581     0.811    0.6659    0.2319   0.03056  0.009973         0
   313/599     9.66G    0.0476   0.02635         0   0.07396       159       640     0.581     0.811    0.6659    0.2319   0.03056   0.00998         0
   314/599     9.66G   0.04799   0.02391         0   0.07191       127       640    0.6005    0.6981    0.6783    0.1779    0.0422   0.01048         0
   315/599     9.66G   0.07168   0.01839         0   0.09007        69       640    0.6005    0.6981    0.6783    0.1779    0.0422   0.01048         0
   316/599     9.66G   0.05032   0.02075         0   0.07107        99       640    0.6005    0.6981    0.6783    0.1779    0.0422   0.01047         0
   317/599     9.66G   0.06849   0.02667         0   0.09516       192       640    0.5993    0.7358    0.6741    0.1815   0.03353   0.01136         0
   318/599     9.66G   0.05847   0.02278         0   0.08125       116       640    0.5993    0.7358    0.6741    0.1815   0.03353   0.01134         0
   319/599     9.66G   0.05193    0.0209         0   0.07283       102       640    0.5993    0.7358    0.6741    0.1815   0.03353   0.01136         0
   320/599     9.66G   0.05292   0.01977         0   0.07269       121       640    0.6029    0.7734    0.7065    0.1973   0.03087    0.0115         0
   321/599     9.66G   0.05063   0.02443         0   0.07506       181       640    0.6029    0.7734    0.7065    0.1973   0.03087   0.01153         0
   322/599     9.66G   0.05246   0.02309         0   0.07555       130       640    0.5989    0.7358    0.6502    0.1693   0.03644   0.01119         0
   323/599     9.66G   0.05798    0.0179         0   0.07588       108       640    0.5989    0.7358    0.6502    0.1693   0.03644   0.01119         0
   324/599     9.66G   0.04895   0.02132         0   0.07028       121       640    0.5989    0.7358    0.6502    0.1693   0.03644   0.01119         0
   325/599     9.66G   0.04239   0.02328         0   0.06567       131       640    0.6545     0.715    0.7131    0.2502   0.02779   0.01089         0
   326/599     9.66G   0.04655   0.02433         0   0.07088       103       640    0.6545     0.715    0.7131    0.2502   0.02779   0.01089         0
   327/599     9.66G    0.0573   0.02667         0   0.08397       124       640    0.6545     0.715    0.7131    0.2502   0.02779   0.01089         0
   328/599     9.66G   0.04996   0.02521         0   0.07517       117       640    0.6607    0.7736    0.7258    0.2494   0.02975   0.01106         0
   329/599     9.66G   0.05764   0.01987         0   0.07752       129       640    0.6607    0.7736    0.7258    0.2494   0.02975     0.011         0
   330/599     9.66G   0.05444   0.02155         0   0.07599       118       640    0.5844    0.8489    0.7086    0.2557   0.02773   0.01021         0
   331/599     9.66G    0.0442   0.02305         0   0.06725        96       640    0.5844    0.8489    0.7086    0.2557   0.02773   0.01021         0
   332/599     9.66G   0.04636   0.01808         0   0.06444        86       640    0.5844    0.8489    0.7086    0.2557   0.02773   0.01021         0
   333/599     9.66G    0.0556   0.02081         0   0.07641       105       640     0.703    0.8484    0.7643    0.2658   0.02672  0.009682         0
   334/599     9.66G   0.05296   0.02078         0   0.07374       182       640     0.703    0.8484    0.7643    0.2658   0.02672  0.009682         0
   335/599     9.66G   0.05885   0.02073         0   0.07958        84       640     0.703    0.8484    0.7643    0.2658   0.02672  0.009682         0
   336/599     9.66G   0.05534   0.02828         0   0.08362       137       640    0.6845    0.8679    0.7597    0.2783   0.02675  0.009467         0
   337/599     9.66G   0.04849   0.01993         0   0.06842       122       640    0.6845    0.8679    0.7597    0.2783   0.02675  0.009467         0
   338/599     9.66G   0.04528   0.02327         0   0.06855       157       640     0.661    0.8113    0.6627    0.1693   0.03956  0.009872         0
   339/599     9.66G   0.06658   0.02353         0   0.09011       161       640     0.661    0.8113    0.6627    0.1693   0.03956  0.009872         0
   340/599     9.66G   0.06141   0.01929         0    0.0807       131       640     0.661    0.8113    0.6627    0.1693   0.03956  0.009872         0
   341/599     9.66G   0.06223   0.01747         0    0.0797       124       640    0.6419    0.6792    0.6078    0.1428   0.02799  0.009159         0
   342/599     9.66G   0.04428   0.02093         0   0.06521       126       640    0.6419    0.6792    0.6078    0.1428   0.02799  0.009159         0
   343/599     9.66G   0.04697   0.02347         0   0.07044       156       640    0.6419    0.6792    0.6078    0.1428   0.02799  0.009159         0
   344/599     9.66G   0.06234   0.02048         0   0.08282        79       640     0.616    0.5448    0.5123   0.09818   0.02947  0.009023         0
   345/599     9.66G   0.05748   0.02363         0   0.08112       125       640     0.616    0.5448    0.5123   0.09818   0.02947  0.009023         0
   346/599     9.66G   0.05526   0.02408         0   0.07933       129       640    0.6529    0.9057    0.7059    0.2463   0.03559  0.009232         0
   347/599     9.66G   0.04723   0.02125         0   0.06848       154       640    0.6529    0.9057    0.7059    0.2463   0.03559  0.009232         0
   348/599     9.66G   0.05287   0.02128         0   0.07415       157       640    0.6529    0.9057    0.7059    0.2463   0.03559  0.009232         0
   349/599     9.66G   0.05214   0.02013         0   0.07226       121       640     0.676    0.9057    0.7498    0.2626   0.02732  0.009266         0
   350/599     9.66G   0.05262   0.02064         0   0.07326       157       640     0.676    0.9057    0.7498    0.2626   0.02732  0.009266         0
   351/599     9.66G   0.05821   0.02101         0   0.07922       103       640     0.676    0.9057    0.7498    0.2626   0.02732  0.009266         0
   352/599     9.66G   0.04953   0.01876         0   0.06829        90       640     0.666    0.8279    0.6695    0.2203   0.02836  0.009278         0
   353/599     9.66G   0.03525   0.02301         0   0.05827       168       640     0.666    0.8279    0.6695    0.2203   0.02836  0.009278         0
   354/599     9.66G   0.04864   0.02002         0   0.06866       116       640    0.6933    0.8105    0.6826    0.2316   0.03345  0.009285         0
   355/599     9.66G   0.05163   0.01799         0   0.06962       108       640    0.6933    0.8105    0.6826    0.2316   0.03345  0.009226         0
   356/599     9.66G    0.0501   0.01756         0   0.06766       110       640    0.6933    0.8105    0.6826    0.2316   0.03345  0.009285         0
   357/599     9.66G   0.04338   0.02372         0    0.0671       156       640    0.6772    0.7925     0.698    0.2664   0.02772  0.009676         0
   358/599     9.66G   0.04742   0.01796         0   0.06537        66       640    0.6772    0.7925     0.698    0.2664   0.02772  0.009717         0
   359/599     9.66G   0.05016   0.02312         0   0.07328       119       640    0.6772    0.7925     0.698    0.2664   0.02772  0.009724         0
   360/599     9.66G   0.05588   0.01803         0   0.07391        77       640    0.6162    0.8491    0.6941    0.2657   0.02859  0.009933         0
   361/599     9.66G   0.04142   0.02261         0   0.06403       152       640    0.6162    0.8491    0.6941    0.2657   0.02859  0.009933         0
   362/599     9.66G   0.05178   0.02183         0   0.07361        90       640    0.6235    0.8491    0.6874    0.2714   0.03587  0.009408         0
   363/599     9.66G     0.045   0.02086         0   0.06586       124       640    0.6235    0.8491    0.6874    0.2714   0.03587  0.009408         0
   364/599     9.66G   0.06409   0.01922         0   0.08331       146       640    0.6235    0.8491    0.6874    0.2714   0.03587  0.009408         0
   365/599     9.66G   0.05687   0.02408         0   0.08094       170       640    0.7394    0.7547    0.7435    0.2515   0.03122  0.009534         0
   366/599     9.66G   0.04175   0.01962         0   0.06137       110       640    0.7394    0.7547    0.7435    0.2515   0.03122  0.009481         0
   367/599     9.66G   0.04255     0.023         0   0.06556       101       640    0.7394    0.7547    0.7435    0.2515   0.03122  0.009481         0
   368/599     9.66G   0.04797   0.01869         0   0.06666        88       640    0.7181    0.7358    0.6992     0.265   0.03074  0.009858         0
   369/599     9.66G    0.0433   0.02019         0   0.06349       119       640    0.7181    0.7358    0.6992     0.265   0.03074  0.009869         0
   370/599     9.66G    0.0372   0.01977         0   0.05697        87       640    0.6063    0.6981    0.6196    0.1792   0.03338   0.01115         0
   371/599     9.66G   0.05777   0.02342         0   0.08119       119       640    0.6063    0.6981    0.6196    0.1792   0.03338   0.01115         0
   372/599     9.66G   0.04142   0.02219         0   0.06361       144       640    0.6063    0.6981    0.6196    0.1792   0.03338   0.01115         0
   373/599     9.66G   0.04505    0.0258         0   0.07085       157       640    0.6989    0.6604    0.6513    0.2204   0.03088    0.0119         0
   374/599     9.66G   0.04109   0.02286         0   0.06395       134       640    0.6989    0.6604    0.6513    0.2204   0.03088    0.0119         0
   375/599     9.66G    0.0571   0.02109         0   0.07819       100       640    0.6989    0.6604    0.6513    0.2204   0.03088    0.0119         0
   376/599     9.66G   0.05764   0.01665         0    0.0743        71       640    0.6383    0.7358    0.6749    0.2699   0.02914    0.0122         0
   377/599     9.66G   0.06012   0.02394         0   0.08406       152       640    0.6383    0.7358    0.6749    0.2699   0.02914    0.0122         0
   378/599     9.66G   0.05384   0.01879         0   0.07263       110       640    0.6205    0.7713    0.6888    0.2502    0.0298   0.01124         0
   379/599     9.66G   0.05156   0.02304         0    0.0746       123       640    0.6205    0.7713    0.6888    0.2502    0.0298   0.01132         0
   380/599     9.66G   0.04298   0.02063         0   0.06362       130       640    0.6205    0.7713    0.6888    0.2502    0.0298   0.01132         0
   381/599     9.66G   0.05423   0.02115         0   0.07538       105       640    0.6403    0.7736     0.692    0.2492    0.0309    0.0105         0
   382/599     9.66G   0.04634    0.0168         0   0.06313        95       640    0.6403    0.7736     0.692    0.2492    0.0309    0.0105         0
   383/599     9.66G   0.04463   0.01877         0    0.0634        75       640    0.6403    0.7736     0.692    0.2492    0.0309   0.01053         0
   384/599     9.66G   0.05629   0.02298         0   0.07927       120       640    0.6322    0.8109    0.7201    0.2534   0.03158   0.01011         0
   385/599     9.66G   0.04526   0.01945         0    0.0647        96       640    0.6322    0.8109    0.7201    0.2534   0.03158   0.01002         0
   386/599     9.66G   0.04501   0.01762         0   0.06264        85       640    0.7142    0.7545    0.7497    0.2547   0.02995    0.0105         0
   387/599     9.66G   0.05822   0.02044         0   0.07867       129       640    0.7142    0.7545    0.7497    0.2547   0.02995    0.0105         0
   388/599     9.66G   0.04762   0.02304         0   0.07067       143       640    0.7142    0.7545    0.7497    0.2547   0.02995    0.0105         0
   389/599     9.66G   0.04106   0.02103         0   0.06209       118       640    0.8043    0.6981    0.7765    0.2996   0.03138   0.01069         0
   390/599     9.66G   0.05492   0.01906         0   0.07398        75       640    0.8043    0.6981    0.7765    0.2996   0.03138   0.01069         0
   391/599     9.66G   0.04752   0.02042         0   0.06794       122       640    0.8043    0.6981    0.7765    0.2996   0.03138   0.01069         0
   392/599     9.66G   0.05207   0.02015         0   0.07222        90       640    0.7537    0.7547    0.7855    0.2967   0.03223   0.01063         0
   393/599     9.66G   0.05921   0.02188         0    0.0811       120       640    0.7537    0.7547    0.7855    0.2967   0.03223   0.01063         0
   394/599     9.66G   0.04396    0.0241         0   0.06806       127       640    0.6792    0.6792    0.7117    0.2389   0.03066   0.01024         0
   395/599     9.66G   0.04915   0.02142         0   0.07057       152       640    0.6792    0.6792    0.7117    0.2389   0.03066   0.01024         0
   396/599     9.66G   0.03979   0.02256         0   0.06234       128       640    0.6792    0.6792    0.7117    0.2389   0.03066   0.01024         0
   397/599     9.66G   0.05325   0.02129         0   0.07454       148       640    0.5678    0.8675    0.7174     0.247   0.03017   0.01012         0
   398/599     9.66G   0.05396   0.02128         0   0.07525       148       640    0.5678    0.8675    0.7174     0.247   0.03017   0.01012         0
   399/599     9.66G   0.04457   0.02328         0   0.06785       181       640    0.5678    0.8675    0.7174     0.247   0.03017   0.01011         0
   400/599     9.66G    0.0517   0.01979         0    0.0715       113       640    0.6347    0.7541    0.7458    0.2476    0.0312   0.01002         0
   401/599     9.66G   0.04353   0.02128         0   0.06482       126       640    0.6347    0.7541    0.7458    0.2476    0.0312   0.01002         0
   402/599     9.66G     0.055    0.0184         0   0.07339        91       640     0.576    0.8491    0.7244    0.2772   0.03155  0.009643         0
   403/599     9.66G   0.05096   0.02337         0   0.07433       148       640     0.576    0.8491    0.7244    0.2772   0.03155  0.009643         0
   404/599     9.66G   0.04192   0.02194         0   0.06386       136       640     0.576    0.8491    0.7244    0.2772   0.03155  0.009643         0
   405/599     9.66G    0.0484    0.0207         0   0.06911       111       640     0.729    0.6598    0.7458    0.2787   0.03035  0.009446         0
   406/599     9.66G   0.05225   0.02521         0   0.07745       143       640     0.729    0.6598    0.7458    0.2787   0.03035  0.009467         0
   407/599     9.66G    0.0471   0.02256         0   0.06965       110       640     0.729    0.6598    0.7458    0.2787   0.03035  0.009446         0
   408/599     9.66G   0.04329   0.01678         0   0.06007       161       640    0.7382    0.7547    0.7507    0.2654   0.03026   0.00927         0
   409/599     9.66G    0.0416   0.02394         0   0.06554       192       640    0.7382    0.7547    0.7507    0.2654   0.03026  0.009255         0
   410/599     9.66G   0.05511   0.02239         0    0.0775       103       640    0.7209    0.7358    0.7115    0.2744   0.02906  0.009202         0
   411/599     9.66G   0.04671   0.02062         0   0.06733       140       640    0.7209    0.7358    0.7115    0.2744   0.02906  0.009199         0
   412/599     9.66G   0.05068   0.02124         0   0.07192       125       640    0.7209    0.7358    0.7115    0.2744   0.02906  0.009199         0
   413/599     9.66G   0.04356   0.02205         0    0.0656       105       640    0.7315    0.7736    0.7242    0.2903   0.02971  0.009262         0
   414/599     9.66G   0.05445   0.02129         0   0.07574       153       640    0.7315    0.7736    0.7242    0.2903   0.02971  0.009221         0
   415/599     9.66G   0.05501   0.02106         0   0.07606       180       640    0.7315    0.7736    0.7242    0.2903   0.02971  0.009221         0
   416/599     9.66G    0.0408   0.01615         0   0.05695        95       640    0.7433    0.8302    0.7523    0.3066   0.02772  0.009133         0
   417/599     9.66G   0.04996   0.02037         0   0.07033       106       640    0.7433    0.8302    0.7523    0.3066   0.02772  0.009177         0
   418/599     9.66G   0.04371   0.01814         0   0.06185        86       640     0.697    0.8679    0.7442    0.3194   0.02874  0.009169         0
   419/599     9.66G   0.04152   0.02293         0   0.06445       111       640     0.697    0.8679    0.7442    0.3194   0.02874  0.009224         0
   420/599     9.66G    0.0449   0.01992         0   0.06481       113       640     0.697    0.8679    0.7442    0.3194   0.02874  0.009188         0
   421/599     9.66G   0.04624   0.02209         0   0.06834       109       640    0.6228    0.9057    0.7077    0.2864   0.03187   0.00922         0
   422/599     9.66G   0.04635   0.02398         0   0.07033       149       640    0.6228    0.9057    0.7077    0.2864   0.03187   0.00922         0
   423/599     9.66G   0.05065   0.01991         0   0.07057       140       640    0.6228    0.9057    0.7077    0.2864   0.03187   0.00922         0
   424/599     9.66G   0.05404   0.02208         0   0.07612        91       640    0.6101    0.8302    0.6766    0.2513   0.03314  0.009641         0
   425/599     9.66G   0.05946   0.02053         0   0.07999       158       640    0.6101    0.8302    0.6766    0.2513   0.03314  0.009641         0
   426/599     9.66G   0.03889   0.02176         0   0.06065       106       640    0.6665    0.8296    0.6936    0.2558   0.02939   0.00947         0
   427/599     9.66G   0.05838   0.02411         0   0.08249       165       640    0.6665    0.8296    0.6936    0.2558   0.02939  0.009454         0
   428/599     9.66G   0.03975   0.01976         0   0.05951       107       640    0.6665    0.8296    0.6936    0.2558   0.02939  0.009454         0
   429/599     9.66G   0.05148   0.02175         0   0.07323       136       640     0.688    0.7904    0.6923    0.2764    0.0289  0.009102         0
   430/599     9.66G   0.04433    0.0225         0   0.06683        91       640     0.688    0.7904    0.6923    0.2764    0.0289  0.009102         0
   431/599     9.66G   0.04165   0.01905         0    0.0607       102       640     0.688    0.7904    0.6923    0.2764    0.0289   0.00903         0
   432/599     9.66G   0.04709   0.02448         0   0.07156       182       640    0.6573    0.9048    0.7318    0.2759   0.02744  0.009118         0
   433/599     9.66G   0.04776   0.02235         0   0.07011       121       640    0.6573    0.9048    0.7318    0.2759   0.02744   0.00907         0
   434/599     9.66G   0.03452   0.02054         0   0.05506        81       640    0.6403    0.7736    0.7031    0.2807   0.03001  0.009163         0
   435/599     9.66G   0.05244   0.02058         0   0.07302       129       640    0.6403    0.7736    0.7031    0.2807   0.03001  0.009163         0
   436/599     9.66G   0.03738    0.0207         0   0.05808        92       640    0.6403    0.7736    0.7031    0.2807   0.03001  0.009163         0
   437/599     9.66G   0.03753   0.01767         0   0.05521       143       640    0.7097    0.8301    0.7401     0.291   0.02745  0.009133         0
   438/599     9.66G   0.03655   0.01946         0   0.05601        99       640    0.7097    0.8301    0.7401     0.291   0.02745  0.009137         0
   439/599     9.66G   0.03704   0.02261         0   0.05964        96       640    0.7097    0.8301    0.7401     0.291   0.02745  0.009137         0
   440/599     9.66G   0.04082   0.02185         0   0.06267       103       640    0.6606    0.8868    0.7308    0.2654   0.02782   0.00915         0
   441/599     9.66G   0.04606    0.0187         0   0.06476        81       640    0.6606    0.8868    0.7308    0.2654   0.02782  0.009141         0
   442/599     9.66G   0.03992   0.01746         0   0.05737       114       640    0.6319    0.8113    0.6611    0.2686   0.03052  0.009436         0
   443/599     9.66G   0.05487   0.01901         0   0.07389       117       640    0.6319    0.8113    0.6611    0.2686   0.03052  0.009436         0
   444/599     9.66G   0.05226   0.02102         0   0.07327        87       640    0.6319    0.8113    0.6611    0.2686   0.03052  0.009436         0
   445/599     9.66G   0.05529   0.01875         0   0.07404        99       640    0.6197    0.8302    0.6609    0.2749   0.03049  0.009392         0
   446/599     9.66G   0.04948   0.01825         0   0.06773       122       640    0.6197    0.8302    0.6609    0.2749   0.03049  0.009392         0
   447/599     9.66G   0.04938   0.02018         0   0.06956        82       640    0.6197    0.8302    0.6609    0.2749   0.03049  0.009463         0
   448/599     9.66G   0.05132   0.02078         0   0.07209        90       640    0.7307    0.7166    0.7001    0.2752   0.02998  0.009562         0
   449/599     9.66G   0.04853   0.02617         0    0.0747       115       640    0.7307    0.7166    0.7001    0.2752   0.02998  0.009562         0
   450/599     9.66G   0.04961   0.02234         0   0.07196       125       640    0.6228    0.8113    0.7334     0.285   0.03228  0.009929         0
   451/599     9.66G   0.04334   0.01866         0     0.062       113       640    0.6228    0.8113    0.7334     0.285   0.03228  0.009929         0
   452/599     9.66G   0.04985   0.02301         0   0.07286       120       640    0.6228    0.8113    0.7334     0.285   0.03228  0.009907         0
   453/599     9.66G   0.04796   0.01836         0   0.06632        81       640    0.6477    0.8672    0.7681    0.3271   0.02842   0.01101         0
   454/599     9.66G   0.04857   0.02228         0   0.07085       152       640    0.6477    0.8672    0.7681    0.3271   0.02842   0.01097         0
   455/599     9.66G   0.05286   0.02156         0   0.07442       123       640    0.6477    0.8672    0.7681    0.3271   0.02842   0.01101         0
   456/599     9.66G   0.05283   0.01874         0   0.07157       122       640    0.6348    0.8856    0.7541    0.3119   0.02744   0.01093         0
   457/599     9.66G   0.05399   0.02296         0   0.07694       140       640    0.6348    0.8856    0.7541    0.3119   0.02744   0.01089         0
   458/599     9.66G   0.04558   0.01967         0   0.06526       144       640    0.6817    0.8488    0.7301     0.297   0.02732  0.009818         0
   459/599     9.66G   0.02914   0.01849         0   0.04764        97       640    0.6817    0.8488    0.7301     0.297   0.02732  0.009841         0
   460/599     9.66G   0.04042   0.02126         0   0.06168       158       640    0.6817    0.8488    0.7301     0.297   0.02732  0.009841         0
   461/599     9.66G    0.0545   0.02545         0   0.07995       137       640    0.6386    0.8679     0.701     0.294   0.02763   0.01004         0
   462/599     9.66G   0.05021    0.0177         0   0.06792        73       640    0.6386    0.8679     0.701     0.294   0.02763   0.01003         0
   463/599     9.66G   0.04332   0.02069         0   0.06401       100       640    0.6386    0.8679     0.701     0.294   0.02763   0.01004         0
   464/599     9.66G   0.04157   0.02052         0    0.0621       134       640    0.6565    0.8295    0.7085     0.294   0.02836  0.009968         0
   465/599     9.66G   0.04675   0.02402         0   0.07077       137       640    0.6565    0.8295    0.7085     0.294   0.02836  0.009968         0
   466/599     9.66G    0.0473   0.02122         0   0.06852       150       640    0.6458    0.8302    0.7028    0.2853   0.02693  0.009267         0
   467/599     9.66G    0.0437   0.02181         0   0.06551       105       640    0.6458    0.8302    0.7028    0.2853   0.02693  0.009267         0
   468/599     9.66G   0.04435   0.02265         0     0.067       151       640    0.6458    0.8302    0.7028    0.2853   0.02693  0.009267         0
   469/599     9.66G   0.04216   0.02272         0   0.06488       114       640    0.6128    0.8679    0.6927    0.2666   0.02677  0.009115         0
   470/599     9.66G   0.03899   0.02128         0   0.06027       142       640    0.6128    0.8679    0.6927    0.2666   0.02677  0.009115         0
   471/599     9.66G   0.04728   0.02065         0   0.06793       103       640    0.6128    0.8679    0.6927    0.2666   0.02677  0.009115         0
   472/599     9.66G   0.03565   0.01988         0   0.05553       121       640    0.6941    0.7736    0.6918    0.2732   0.02695  0.009106         0
   473/599     9.66G   0.04372   0.01898         0    0.0627       108       640    0.6941    0.7736    0.6918    0.2732   0.02695  0.009106         0
   474/599     9.66G   0.05154   0.01591         0   0.06745        57       640    0.6507    0.7733    0.6994    0.2928   0.02713  0.009142         0
   475/599     9.66G   0.04843   0.01865         0   0.06708        68       640    0.6507    0.7733    0.6994    0.2928   0.02713  0.009142         0
   476/599     9.66G   0.04356   0.02217         0   0.06572       115       640    0.6507    0.7733    0.6994    0.2928   0.02713  0.009184         0
   477/599     9.66G   0.03729   0.02061         0    0.0579       101       640    0.6459    0.7925    0.6818    0.3011   0.02727  0.009172         0
   478/599     9.66G   0.05256   0.01753         0   0.07009        85       640    0.6459    0.7925    0.6818    0.3011   0.02727  0.009172         0
   479/599     9.66G   0.03923   0.01987         0   0.05911        78       640    0.6459    0.7925    0.6818    0.3011   0.02727  0.009172         0
   480/599     9.66G   0.03964   0.02069         0   0.06033        69       640    0.5943    0.8293     0.662    0.2807   0.02769  0.009234         0
   481/599     9.66G   0.04657   0.01931         0   0.06588        75       640    0.5943    0.8293     0.662    0.2807   0.02769  0.009277         0
   482/599     9.66G   0.03817   0.01929         0   0.05746       103       640     0.602    0.8302    0.6726    0.2923   0.02841  0.009241         0
   483/599     9.66G   0.03829   0.02046         0   0.05875        92       640     0.602    0.8302    0.6726    0.2923   0.02841    0.0092         0
   484/599     9.66G   0.05196   0.02272         0   0.07468       138       640     0.602    0.8302    0.6726    0.2923   0.02841  0.009237         0
   485/599     9.66G   0.04059   0.02015         0   0.06075       167       640    0.6774    0.7924    0.7045     0.314   0.02833  0.009146         0
   486/599     9.66G   0.03596   0.01541         0   0.05137        82       640    0.6774    0.7924    0.7045     0.314   0.02833   0.00918         0
   487/599     9.66G   0.04892   0.01729         0   0.06622       129       640    0.6774    0.7924    0.7045     0.314   0.02833   0.00918         0
   488/599     9.66G   0.04213    0.0236         0   0.06574       130       640    0.6885    0.7922    0.7132    0.3136   0.02862  0.009289         0
   489/599     9.66G    0.0364   0.01972         0   0.05613       128       640    0.6885    0.7922    0.7132    0.3136   0.02862  0.009289         0
   490/599     9.66G   0.03808   0.02181         0   0.05989        93       640    0.7407    0.7547    0.7536    0.3259   0.02943  0.009353         0
   491/599     9.66G   0.04612   0.01982         0   0.06594       120       640    0.7407    0.7547    0.7536    0.3259   0.02943  0.009368         0
   492/599     9.66G   0.04094   0.01901         0   0.05995       150       640    0.7407    0.7547    0.7536    0.3259   0.02943  0.009368         0
   493/599     9.66G   0.04949   0.01821         0    0.0677       124       640    0.7045    0.8098    0.7823     0.336   0.02919  0.009279         0
   494/599     9.66G   0.03823   0.02281         0   0.06103       153       640    0.7045    0.8098    0.7823     0.336   0.02919  0.009279         0
   495/599     9.66G   0.04595   0.02136         0   0.06731        95       640    0.7045    0.8098    0.7823     0.336   0.02919  0.009279         0
   496/599     9.66G   0.03764   0.01716         0    0.0548       117       640     0.857    0.6783    0.7917    0.3313   0.02938  0.009193         0
   497/599     9.66G   0.03715   0.02297         0   0.06013       109       640     0.857    0.6783    0.7917    0.3313   0.02938  0.009193         0
   498/599     9.66G   0.04296   0.02134         0    0.0643       119       640    0.7165    0.8113     0.791    0.3486   0.02981  0.009082         0
   499/599     9.66G   0.04178   0.02114         0   0.06292       125       640    0.7165    0.8113     0.791    0.3486   0.02981  0.009073         0
   500/599     9.66G   0.04164   0.01595         0   0.05759        82       640    0.7165    0.8113     0.791    0.3486   0.02981  0.009066         0
   501/599     9.66G   0.02888   0.01546         0   0.04434       101       640    0.7047    0.8113    0.7745    0.3504   0.03011  0.009021         0
   502/599     9.66G   0.05387   0.01893         0    0.0728       122       640    0.7047    0.8113    0.7745    0.3504   0.03011  0.009063         0
   503/599     9.66G   0.04668   0.01806         0   0.06474       118       640    0.7047    0.8113    0.7745    0.3504   0.03011  0.009063         0
   504/599     9.66G   0.05175   0.01926         0   0.07102        83       640     0.768    0.7547     0.773    0.3354   0.03052  0.009202         0
   505/599     9.66G   0.05091   0.01733         0   0.06824        78       640     0.768    0.7547     0.773    0.3354   0.03052  0.009202         0
   506/599     9.66G    0.0387   0.02412         0   0.06282       139       640    0.7687    0.7547    0.7848    0.3574   0.03044  0.009351         0
   507/599     9.66G   0.04382   0.01768         0    0.0615       158       640    0.7687    0.7547    0.7848    0.3574   0.03044  0.009351         0
   508/599     9.66G   0.05072   0.01818         0    0.0689        87       640    0.7687    0.7547    0.7848    0.3574   0.03044  0.009351         0
   509/599     9.66G   0.03843   0.02398         0   0.06242       172       640    0.7997    0.7547     0.777    0.3473   0.03085  0.009639         0
   510/599     9.66G   0.05182   0.01908         0    0.0709       183       640    0.7997    0.7547     0.777    0.3473   0.03085  0.009676         0
   511/599     9.66G   0.05084   0.01959         0   0.07043       122       640    0.7997    0.7547     0.777    0.3473   0.03085  0.009676         0
   512/599     9.66G   0.03793   0.02101         0   0.05894       153       640    0.7995    0.7547    0.7741    0.3402   0.02982  0.009818         0
   513/599     9.66G   0.05176   0.01959         0   0.07136       106       640    0.7995    0.7547    0.7741    0.3402   0.02982  0.009839         0
   514/599     9.66G   0.05803    0.0204         0   0.07844       137       640    0.7998    0.7538    0.7918     0.334   0.03134   0.01024         0
   515/599     9.66G   0.04117   0.01728         0   0.05846        91       640    0.7998    0.7538    0.7918     0.334   0.03134   0.01024         0
   516/599     9.66G   0.05453   0.01907         0    0.0736       117       640    0.7998    0.7538    0.7918     0.334   0.03134   0.01024         0
   517/599     9.66G   0.04823   0.01775         0   0.06598        79       640    0.7991    0.7547    0.7818    0.3271   0.03072   0.01014         0
   518/599     9.66G   0.04416   0.02308         0   0.06724       168       640    0.7991    0.7547    0.7818    0.3271   0.03072   0.01015         0
   519/599     9.66G    0.0469   0.01928         0   0.06618       117       640    0.7991    0.7547    0.7818    0.3271   0.03072   0.01015         0
   520/599     9.66G   0.05179   0.02024         0   0.07203       118       640    0.8252    0.7128    0.7717    0.3251   0.03029  0.009869         0
   521/599     9.66G   0.04183   0.01725         0   0.05908        79       640    0.8252    0.7128    0.7717    0.3251   0.03029  0.009879         0
   522/599     9.66G   0.04111      0.02         0   0.06112       124       640    0.7798    0.7358    0.7893    0.3487   0.03041    0.0098         0
   523/599     9.66G   0.04312   0.01839         0   0.06152        97       640    0.7798    0.7358    0.7893    0.3487   0.03041    0.0098         0
   524/599     9.66G   0.04893     0.021         0   0.06993        86       640    0.7798    0.7358    0.7893    0.3487   0.03041  0.009782         0
   525/599     9.66G   0.04211   0.01916         0   0.06127        98       640    0.7117    0.7925    0.7907    0.3437   0.03003  0.009751         0
   526/599     9.66G   0.04026   0.01856         0   0.05882        92       640    0.7117    0.7925    0.7907    0.3437   0.03003   0.00972         0
   527/599     9.66G   0.03951   0.01715         0   0.05667       113       640    0.7117    0.7925    0.7907    0.3437   0.03003  0.009751         0
   528/599     9.66G   0.04243   0.01956         0   0.06199       120       640    0.6999    0.7922    0.7952    0.3236   0.02977  0.009803         0
   529/599     9.66G   0.04338   0.02239         0   0.06577       129       640    0.6999    0.7922    0.7952    0.3236   0.02977  0.009803         0
   530/599     9.66G   0.03867   0.02207         0   0.06074       126       640    0.7917    0.7169    0.7943    0.3383   0.03025  0.009872         0
   531/599     9.66G   0.04407   0.01777         0   0.06184        94       640    0.7917    0.7169    0.7943    0.3383   0.03025  0.009846         0
   532/599     9.66G   0.04026   0.02108         0   0.06134       141       640    0.7917    0.7169    0.7943    0.3383   0.03025  0.009872         0
   533/599     9.66G   0.04741    0.0223         0   0.06972       117       640    0.8043    0.6978    0.8125    0.3388   0.02974  0.009876         0
   534/599     9.66G     0.041   0.02102         0   0.06201       150       640    0.8043    0.6978    0.8125    0.3388   0.02974  0.009833         0
   535/599     9.66G   0.04339    0.0218         0   0.06519       151       640    0.8043    0.6978    0.8125    0.3388   0.02974  0.009876         0
   536/599     9.66G   0.04591   0.01749         0    0.0634       109       640    0.7958    0.7352    0.8011    0.3499   0.03018   0.00987         0
   537/599     9.66G   0.04456   0.01975         0   0.06431        85       640    0.7958    0.7352    0.8011    0.3499   0.03018  0.009841         0
   538/599     9.66G   0.04948   0.02202         0    0.0715       107       640    0.7993    0.7547    0.8052    0.3555   0.03019   0.00994         0
   539/599     9.66G   0.04549   0.02143         0   0.06692       121       640    0.7993    0.7547    0.8052    0.3555   0.03019   0.00994         0
   540/599     9.66G   0.02645   0.01661         0   0.04307       129       640    0.7993    0.7547    0.8052    0.3555   0.03019   0.00994         0
   541/599     9.66G   0.04283   0.02246         0   0.06529       111       640    0.7876    0.7736    0.8129    0.3399   0.03051    0.0102         0
   542/599     9.66G   0.04927   0.02061         0   0.06988        97       640    0.7876    0.7736    0.8129    0.3399   0.03051   0.01018         0
   543/599     9.66G   0.03442   0.01964         0   0.05406       173       640    0.7876    0.7736    0.8129    0.3399   0.03051    0.0102         0
   544/599     9.66G   0.04333   0.02164         0   0.06496       117       640    0.7687    0.7547     0.803    0.3403   0.03044   0.01017         0
   545/599     9.66G   0.03364   0.01583         0   0.04947       102       640    0.7687    0.7547     0.803    0.3403   0.03044   0.01017         0
   546/599     9.66G    0.0403   0.02026         0   0.06056       123       640    0.7633    0.7909     0.812    0.3697   0.03142  0.009811         0
   547/599     9.66G   0.04228   0.01673         0   0.05901       100       640    0.7633    0.7909     0.812    0.3697   0.03142  0.009878         0
   548/599     9.66G   0.06216   0.02053         0   0.08269       163       640    0.7633    0.7909     0.812    0.3697   0.03142  0.009878         0
   549/599     9.66G   0.04585   0.01698         0   0.06283        69       640    0.8163    0.7546     0.822    0.3862   0.03162  0.009734         0
   550/599     9.66G   0.03883   0.02229         0   0.06112       144       640    0.8163    0.7546     0.822    0.3862   0.03162  0.009734         0
   551/599     9.66G   0.03656   0.01931         0   0.05586       123       640    0.8163    0.7546     0.822    0.3862   0.03162  0.009734         0
   552/599     9.66G   0.04183   0.01903         0   0.06086       148       640      0.82    0.7735    0.8316    0.4046   0.03155  0.009736         0
   553/599     9.66G   0.04206   0.02034         0    0.0624       136       640      0.82    0.7735    0.8316    0.4046   0.03155  0.009736         0
   554/599     9.66G   0.04705   0.01739         0   0.06444       114       640    0.8029    0.7736    0.8292    0.4109   0.03152  0.009605         0
   555/599     9.66G   0.05067   0.01898         0   0.06965       126       640    0.8029    0.7736    0.8292    0.4109   0.03152  0.009605         0
   556/599     9.66G    0.0425   0.01976         0   0.06226        96       640    0.8029    0.7736    0.8292    0.4109   0.03152  0.009545         0
   557/599     9.66G   0.04569   0.01729         0   0.06298       141       640    0.7584    0.7736    0.8277     0.401   0.03249  0.009642         0
   558/599     9.66G   0.04267   0.01809         0   0.06076       116       640    0.7584    0.7736    0.8277     0.401   0.03249  0.009611         0
   559/599     9.66G   0.04376   0.02009         0   0.06385       103       640    0.7584    0.7736    0.8277     0.401   0.03249  0.009611         0
   560/599     9.66G   0.03826   0.01763         0    0.0559       149       640    0.7572    0.7651     0.832     0.402   0.03173  0.009623         0
   561/599     9.66G    0.0406   0.01837         0   0.05896       100       640    0.7572    0.7651     0.832     0.402   0.03173  0.009623         0
   562/599     9.66G   0.04337    0.0164         0   0.05977        96       640    0.7525    0.7736    0.8286    0.4067   0.03162  0.009601         0
   563/599     9.66G   0.04605   0.01983         0   0.06589       101       640    0.7525    0.7736    0.8286    0.4067   0.03162  0.009632         0
   564/599     9.66G   0.03411   0.02335         0   0.05746       123       640    0.7525    0.7736    0.8286    0.4067   0.03162  0.009632         0
   565/599     9.66G   0.04767   0.01796         0   0.06563       153       640    0.8065     0.717    0.8082     0.386   0.03227  0.009728         0
   566/599     9.66G   0.04701   0.01767         0   0.06468       100       640    0.8065     0.717    0.8082     0.386   0.03227  0.009694         0
   567/599     9.66G   0.05188    0.0172         0   0.06908       105       640    0.8065     0.717    0.8082     0.386   0.03227  0.009728         0
   568/599     9.66G   0.04691   0.02127         0   0.06818       162       640     0.857    0.6784    0.8221    0.3729   0.03283  0.009864         0
   569/599     9.66G   0.04769   0.02018         0   0.06788       114       640     0.857    0.6784    0.8221    0.3729   0.03283  0.009864         0
   570/599     9.66G   0.04416   0.01832         0   0.06248       163       640    0.8323    0.7547     0.828    0.3921   0.03118   0.00968         0
   571/599     9.66G   0.05469   0.01816         0   0.07284       100       640    0.8323    0.7547     0.828    0.3921   0.03118  0.009714         0
   572/599     9.66G    0.0515   0.01798         0   0.06948       121       640    0.8323    0.7547     0.828    0.3921   0.03118  0.009714         0
   573/599     9.66G   0.04263   0.01933         0   0.06196       100       640    0.8162    0.7543     0.834    0.3993    0.0296  0.009557         0
   574/599     9.66G   0.05621   0.02088         0   0.07709       127       640    0.8162    0.7543     0.834    0.3993    0.0296   0.00959         0
   575/599     9.66G   0.04323   0.01753         0   0.06076       120       640    0.8162    0.7543     0.834    0.3993    0.0296   0.00959         0
   576/599     9.66G   0.03669   0.01855         0   0.05524       129       640    0.7762    0.7925    0.8245    0.3899   0.02883  0.009452         0
   577/599     9.66G   0.04853   0.01928         0   0.06781       134       640    0.7762    0.7925    0.8245    0.3899   0.02883   0.00945         0
   578/599     9.66G   0.03455   0.01785         0    0.0524       120       640    0.7772    0.7925    0.8283    0.4137   0.02922  0.009231         0
   579/599     9.66G   0.04006   0.01876         0   0.05882       158       640    0.7772    0.7925    0.8283    0.4137   0.02922  0.009231         0
   580/599     9.66G    0.0498   0.01853         0   0.06834       137       640    0.7772    0.7925    0.8283    0.4137   0.02922  0.009196         0
   581/599     9.66G   0.04628   0.01834         0   0.06462       119       640       0.8    0.7546    0.8422    0.4078   0.02872  0.009207         0
   582/599     9.66G   0.04414   0.01822         0   0.06236        99       640       0.8    0.7546    0.8422    0.4078   0.02872  0.009245         0
   583/599     9.66G    0.0445   0.01896         0   0.06346        67       640       0.8    0.7546    0.8422    0.4078   0.02872  0.009245         0
   584/599     9.66G   0.04812   0.01575         0   0.06386        97       640    0.7011    0.8868     0.845    0.4024   0.02808  0.009243         0
   585/599     9.66G   0.05083   0.01687         0    0.0677       131       640    0.7011    0.8868     0.845    0.4024   0.02808  0.009243         0
   586/599     9.66G   0.04818    0.0206         0   0.06878       175       640    0.8478    0.7355    0.8402    0.3899   0.02937  0.009397         0
   587/599     9.66G   0.04952   0.01948         0     0.069        95       640    0.8478    0.7355    0.8402    0.3899   0.02937  0.009397         0
   588/599     9.66G   0.03972   0.01839         0    0.0581       139       640    0.8478    0.7355    0.8402    0.3899   0.02937  0.009397         0
   589/599     9.66G   0.05728   0.02045         0   0.07773       124       640    0.8471    0.7358    0.8275    0.3759   0.02904  0.009523         0
   590/599     9.66G   0.04583   0.02079         0   0.06662       100       640    0.8471    0.7358    0.8275    0.3759   0.02904  0.009523         0
   591/599     9.66G   0.04643   0.01818         0   0.06461       100       640    0.8471    0.7358    0.8275    0.3759   0.02904  0.009523         0
   592/599     9.66G   0.04486   0.01897         0   0.06383        60       640    0.7777    0.7925    0.8341    0.3746   0.02866  0.009648         0
   593/599     9.66G   0.04248   0.01632         0    0.0588       116       640    0.7777    0.7925    0.8341    0.3746   0.02866  0.009632         0
   594/599     9.66G   0.03551   0.01763         0   0.05313       140       640    0.8689    0.7547    0.8437    0.4001   0.02838   0.00949         0
   595/599     9.66G   0.04666   0.01736         0   0.06402       105       640    0.8689    0.7547    0.8437    0.4001   0.02838  0.009539         0
   596/599     9.66G   0.04081   0.02003         0   0.06084        97       640    0.8689    0.7547    0.8437    0.4001   0.02838  0.009539         0
   597/599     9.66G   0.03328   0.01805         0   0.05133       112       640    0.8722     0.773    0.8502    0.4062    0.0276  0.009343         0
   598/599     9.66G    0.0462   0.01764         0   0.06385        88       640    0.8722     0.773    0.8502    0.4062    0.0276  0.009368         0
   599/599     9.66G   0.05288   0.01843         0   0.07131        88       640    0.8722     0.773    0.8502    0.4062    0.0276  0.009368         0
