0 0.714844 0.276562 0.007812 0.200000
0 0.707812 0.285156 0.006250 0.223438
0 0.701562 0.321875 0.006250 0.259375
0 0.694531 0.383594 0.007812 0.279687
0 0.687500 0.470313 0.006250 0.309375
0 0.681250 0.564844 0.006250 0.295312
0 0.674219 0.619531 0.007812 0.235937
0 0.667969 0.667969 0.007812 0.260937
0 0.661719 0.711719 0.007812 0.229687
0 0.637500 0.649219 0.012500 0.317188
0 0.627344 0.541406 0.010937 0.335938
0 0.620313 0.430469 0.009375 0.285938
0 0.611719 0.332813 0.007812 0.303125
0 0.603906 0.258594 0.007812 0.254688
0 0.597656 0.213281 0.007812 0.273438
0 0.589844 0.175781 0.007812 0.204687
0 0.583594 0.130469 0.007812 0.107813
