0 0.721094 0.591406 0.007812 0.204687
0 0.714063 0.593750 0.006250 0.209375
0 0.707031 0.592969 0.007812 0.210938
0 0.700781 0.607812 0.007812 0.243750
0 0.692187 0.667188 0.006250 0.290625
0 0.685156 0.717969 0.007812 0.226562
0 0.678125 0.732031 0.009375 0.204687
0 0.670312 0.735938 0.006250 0.203125
0 0.664062 0.751563 0.009375 0.178125
0 0.655469 0.723437 0.007812 0.240625
0 0.648438 0.696875 0.009375 0.246875
0 0.639844 0.622656 0.010937 0.335938
0 0.632812 0.495312 0.009375 0.359375
0 0.626563 0.361719 0.009375 0.329688
0 0.620313 0.235937 0.009375 0.334375
0 0.614062 0.167187 0.009375 0.196875
0 0.608594 0.134375 0.010937 0.137500
