0 0.723437 0.739844 0.006250 0.173437
0 0.717187 0.735156 0.006250 0.189062
0 0.710156 0.721875 0.007812 0.218750
0 0.702344 0.715625 0.004687 0.215625
0 0.695312 0.724219 0.009375 0.214062
0 0.689063 0.752344 0.009375 0.170313
0 0.679688 0.742188 0.009375 0.190625
0 0.672656 0.745313 0.007812 0.193750
0 0.665625 0.735156 0.009375 0.217188
0 0.657813 0.700000 0.009375 0.290625
0 0.650781 0.639844 0.010937 0.245312
0 0.642969 0.560156 0.007812 0.339062
0 0.636719 0.418750 0.007812 0.375000
0 0.630469 0.276562 0.007812 0.346875
0 0.625000 0.184375 0.009375 0.256250
