0 0.285938 0.662500 0.028125 0.375000
0 0.539844 0.312500 0.035937 0.412500
0 0.518750 0.337500 0.037500 0.400000
0 0.499219 0.517969 0.032813 0.395313
0 0.477344 0.663281 0.032813 0.392188
0 0.459375 0.732812 0.034375 0.406250
0 0.440625 0.743750 0.028125 0.390625
0 0.421875 0.728906 0.028125 0.398438
0 0.400000 0.744531 0.028125 0.376563
0 0.380469 0.745313 0.029687 0.325000
0 0.344531 0.728125 0.026562 0.309375
0 0.325000 0.716406 0.034375 0.301563
0 0.302344 0.708594 0.023438 0.298438
0 0.360938 0.733594 0.028125 0.335938
