     0/299     2.97G    0.1279   0.03477         0    0.1627        86       640         0         0         0         0   0.03758   0.02226         0
     1/299     2.92G    0.1267    0.0345         0    0.1612       136       640         0         0         0         0   0.03707   0.02216         0
     2/299     2.92G    0.1293   0.02996         0    0.1592       113       640         0         0         0         0   0.03634   0.02214         0
     3/299     2.92G    0.1257   0.03367         0    0.1594       145       640         0         0         0         0   0.03541   0.02219         0
     4/299     2.92G    0.1217   0.03575         0    0.1574       101       640         0         0         0         0   0.03462   0.02225         0
     5/299     2.92G    0.1095   0.03299         0    0.1425       138       640         0         0         0         0   0.03379   0.02236         0
     6/299     2.92G    0.1243    0.0361         0    0.1604       114       640         0         0         0         0   0.03303   0.02236         0
     7/299     2.95G    0.1159   0.03681         0    0.1527       122       640         0         0         0         0    0.0322   0.02241         0
     8/299     2.95G    0.1045   0.03569         0    0.1402       125       640         0         0         0         0   0.03165   0.02254         0
     9/299     2.95G    0.1016   0.03775         0    0.1394        95       640   0.04721   0.01923   0.00086 8.881e-05   0.03106   0.02259         0
    10/299     2.95G   0.09838   0.03197         0    0.1304       113       640   0.04265   0.01923  0.001017 0.0002122   0.03054   0.02239         0
    11/299     2.95G   0.09778   0.03407         0    0.1318       111       640   0.07093   0.01923  0.001548 0.0001697    0.0305   0.02207         0
    12/299     2.95G   0.09705   0.03854         0    0.1356       105       640  0.007998   0.01923 0.0003328 6.086e-05   0.03089   0.02169         0
    13/299     2.95G   0.09862   0.03882         0    0.1374       122       640  0.002282   0.01923 7.898e-05 2.417e-05   0.03025   0.02188         0
    14/299     2.95G    0.1017   0.04117         0    0.1429       122       640  0.007449   0.01923 0.0002459 6.355e-05   0.02995     0.022         0
    15/299     2.95G   0.09191   0.04048         0    0.1324       113       640  0.004367   0.01923 8.013e-05 8.013e-06   0.03128    0.0213         0
    16/299     2.95G   0.09423   0.03242         0    0.1266        56       640   0.01229   0.01923 0.0002135 4.269e-05   0.03073   0.02128         0
    17/299     2.95G   0.09156   0.03586         0    0.1274       151       640         0         0         0         0   0.03146   0.02043         0
    18/299     2.95G   0.07987   0.04496         0    0.1248       137       640         0         0         0         0   0.03144   0.02031         0
    19/299     2.95G   0.07826   0.03863         0    0.1169       111       640 0.0005853   0.01923 1.534e-05 3.068e-06   0.03104   0.02026         0
    20/299     2.95G   0.08865   0.04081         0    0.1295       103       640  0.000614   0.01923 1.592e-05 1.592e-06   0.03115   0.01979         0
    21/299     2.95G   0.09065   0.04177         0    0.1324       149       640  0.003482   0.01923 9.992e-05 1.596e-05   0.03096   0.01966         0
    22/299     2.95G   0.07909     0.038         0    0.1171       155       640  0.008748   0.01923 0.0001686 3.077e-05   0.03078   0.01952         0
    23/299     2.95G   0.08674   0.04219         0    0.1289       116       640   0.03519   0.01923    0.0012 0.0002398   0.03013   0.01958         0
    24/299     2.95G   0.07735    0.0432         0    0.1205       129       640   0.03951   0.01923  0.002411 0.0005082   0.02988   0.01941         0
    25/299     2.95G   0.08948   0.04388         0    0.1334       123       640   0.01682   0.03846  0.002069 0.0005321   0.02976   0.01945         0
    26/299     2.95G   0.09988   0.03767         0    0.1375        94       640    0.0266   0.09615  0.004514 0.0007241   0.03012   0.01917         0
    27/299     2.95G   0.09023   0.03764         0    0.1279       113       640   0.01937   0.07692  0.005325 0.0008541   0.03007   0.01888         0
    28/299     2.95G   0.08939   0.04267         0    0.1321       166       640   0.02542   0.09615  0.008237  0.001221   0.03027   0.01857         0
    29/299     2.95G   0.09691    0.0458         0    0.1427       129       640    0.0315   0.07692  0.008878  0.001712   0.02992   0.01864         0
    30/299     2.95G   0.09936   0.04254         0    0.1419       129       640   0.03011   0.09615   0.01029  0.001154   0.02896    0.0189         0
    31/299     2.95G    0.0955   0.03366         0    0.1292       105       640   0.02259    0.1731   0.00865  0.001071   0.02905   0.01906         0
    32/299     2.95G    0.0984   0.04647         0    0.1449       146       640   0.04058   0.05769  0.008935  0.001282   0.02817   0.01938         0
    33/299     2.95G   0.09575   0.03932         0    0.1351        79       640   0.05314   0.03846  0.007418  0.001406    0.0279   0.01933         0
    34/299     2.95G   0.09813   0.03736         0    0.1355       155       640   0.06281   0.05769  0.008779  0.001376   0.02772    0.0193         0
    35/299     2.95G   0.09915    0.0407         0    0.1398       115       640   0.05337   0.07692  0.009557  0.001925   0.02757   0.01929         0
    36/299     2.95G    0.0918   0.04243         0    0.1342       144       640    0.4789   0.01923   0.01322  0.002604   0.02723   0.01945         0
    37/299     2.95G   0.09231   0.04061         0    0.1329        96       640    0.5977   0.03846   0.03713  0.005733   0.02729   0.01897         0
    38/299     2.95G   0.09285   0.04123         0    0.1341        80       640   0.04325    0.2308   0.02761  0.004921   0.02722   0.01873         0
    39/299     2.95G   0.09553   0.04183         0    0.1374        97       640   0.04184    0.3654    0.0571  0.008327   0.02738   0.01864         0
    40/299     2.95G   0.08318   0.05132         0    0.1345       212       640   0.05435    0.3462   0.03899   0.00584    0.0274   0.01829         0
    41/299     2.95G   0.07177   0.04415         0    0.1159       115       640   0.06631    0.4231   0.04463  0.008939    0.0273   0.01815         0
    42/299     2.95G   0.08252   0.03742         0    0.1199        89       640   0.08671    0.5192   0.07184   0.01018   0.02786   0.01785         0
    43/299     2.95G   0.08207   0.04044         0    0.1225       178       640   0.08473    0.4423   0.06177  0.008861    0.0278   0.01777         0
    44/299     2.95G   0.09395    0.0414         0    0.1354        98       640   0.08635    0.6346   0.07181   0.01012   0.02759   0.01762         0
    45/299     2.95G   0.09446   0.04054         0     0.135        99       640    0.1166    0.1731   0.06556  0.008885    0.0273   0.01754         0
    46/299     2.95G   0.09324   0.03485         0    0.1281       125       640     0.145    0.2115   0.09046   0.01148   0.02658   0.01743         0
    47/299     2.95G   0.08891   0.03719         0    0.1261       109       640    0.1326    0.2885     0.103   0.01311   0.02642   0.01707         0
    48/299     2.95G   0.06804    0.0388         0    0.1068       146       640    0.1479    0.3846    0.1126   0.01346   0.02591   0.01715         0
    49/299     2.95G   0.08948   0.03589         0    0.1254       123       640    0.1697    0.3462    0.1277   0.01703   0.02571    0.0174         0
    50/299     2.95G   0.09025    0.0398         0      0.13       111       640    0.2142    0.3462     0.155   0.02039    0.0257   0.01799         0
    51/299     2.95G   0.07977   0.04228         0    0.1221        93       640    0.1811    0.4808    0.1654   0.02053   0.02589   0.01801         0
    52/299     2.95G   0.08702   0.04441         0    0.1314        79       640    0.2033    0.4423    0.1491   0.01994   0.02572   0.01784         0
    53/299     2.95G   0.08445   0.03653         0     0.121       116       640    0.2562    0.3654     0.185   0.02313   0.02561   0.01787         0
    54/299     2.95G   0.09159   0.04271         0    0.1343       126       640    0.2088    0.6154    0.1861   0.02594   0.02582   0.01743         0
    55/299     2.95G     0.075   0.03582         0    0.1108       119       640    0.2048    0.6538    0.1822   0.02835   0.02574   0.01748         0
    56/299     2.95G   0.08794   0.04262         0    0.1306       180       640    0.2155    0.6538    0.2021   0.03431   0.02524    0.0174         0
    57/299     2.95G   0.07417   0.04043         0    0.1146       101       640    0.2685    0.4808    0.2169   0.03867   0.02504   0.01737         0
    58/299     2.95G   0.07862   0.03529         0    0.1139       119       640    0.2908    0.4967     0.263   0.04333   0.02494   0.01701         0
    59/299     2.95G   0.08427   0.03402         0    0.1183        88       640    0.2895    0.6731    0.3078   0.05533   0.02466   0.01686         0
    60/299     2.95G   0.08307   0.04004         0    0.1231       124       640    0.3645    0.4615    0.3208   0.07208    0.0249    0.0171         0
    61/299     2.95G    0.0836   0.03626         0    0.1199       114       640    0.3239    0.5895    0.3332   0.07361   0.02506   0.01687         0
    62/299     2.95G    0.0797    0.0344         0    0.1141       113       640    0.2824    0.7492    0.3721   0.05951   0.02609   0.01529         0
    63/299     2.95G   0.08387   0.04022         0    0.1241       188       640    0.3901    0.5577    0.3908   0.07612   0.02546   0.01646         0
    64/299     2.95G   0.08407   0.03336         0    0.1174       122       640    0.3489    0.6923    0.3533   0.07286   0.02532    0.0172         0
    65/299     2.95G   0.08889   0.03367         0    0.1226       118       640      0.38    0.6923    0.3742   0.08209   0.02507   0.01694         0
    66/299     2.95G    0.0841   0.04609         0    0.1302       169       640    0.3791     0.634    0.3644   0.08043   0.02488   0.01661         0
    67/299     2.95G   0.08177   0.03536         0    0.1171       109       640    0.3362    0.6818     0.411   0.08899   0.02484   0.01674         0
    68/299     2.95G   0.07467   0.03569         0    0.1104       119       640    0.2772    0.6731    0.2914   0.05288    0.0249   0.01713         0
    69/299     2.95G   0.08112   0.04066         0    0.1218       127       640    0.3958    0.5543    0.3703   0.06933   0.02463   0.01734         0
    70/299     2.95G   0.07543   0.03552         0    0.1109        93       640    0.6069    0.5962    0.5965    0.1397   0.02425   0.01677         0
    71/299     2.95G   0.08196   0.04199         0     0.124       116       640    0.4906    0.5769     0.505    0.0963   0.02472   0.01648         0
    72/299     2.95G   0.07492   0.03315         0    0.1081       120       640    0.4011    0.5962    0.3975   0.08858   0.02487   0.01574         0
    73/299     2.95G   0.07575   0.03956         0    0.1153       105       640    0.4511    0.6346    0.4472    0.1027   0.02462   0.01512         0
    74/299     2.95G   0.07846   0.03236         0    0.1108       127       640    0.3737    0.7688    0.4233    0.1071   0.02439    0.0148         0
    75/299     2.95G   0.05916   0.04469         0    0.1039       159       640    0.4009    0.7885    0.4231    0.1052   0.02409   0.01467         0
    76/299     2.95G   0.08183   0.03322         0     0.115       109       640     0.441    0.6523    0.4439    0.1003   0.02424   0.01433         0
    77/299     2.95G    0.0784   0.03538         0    0.1138       124       640    0.4446    0.5769    0.4147   0.09356   0.02476   0.01389         0
    78/299     2.95G   0.07486   0.03853         0    0.1134       112       640    0.4045    0.6154    0.3965   0.08602   0.02565   0.01362         0
    79/299     2.95G   0.08248   0.04038         0    0.1229       145       640    0.3717    0.7885    0.4301   0.09866   0.02517   0.01358         0
    80/299     2.95G   0.08244   0.04119         0    0.1236       179       640    0.4738    0.5714    0.4434    0.1122   0.02481   0.01351         0
    81/299     2.95G   0.08141   0.03675         0    0.1182       116       640    0.4574    0.5385    0.4311   0.09899   0.02493   0.01338         0
    82/299     2.95G   0.07531    0.0322         0    0.1075        84       640    0.3993    0.6923    0.4371   0.08927   0.02522   0.01316         0
    83/299     2.95G   0.07894   0.03835         0    0.1173       103       640      0.39    0.5577    0.4282   0.08526   0.02551   0.01306         0
    84/299     2.95G   0.06946   0.02675         0   0.09621       100       640     0.476    0.6154    0.4815    0.1043   0.02453   0.01321         0
    85/299     2.95G   0.06513   0.03703         0    0.1022       109       640     0.531    0.6538    0.5148     0.107   0.02411   0.01337         0
    86/299     2.95G   0.07745   0.03445         0    0.1119       127       640    0.5117    0.7657     0.549    0.1262   0.02411   0.01321         0
    87/299     2.95G   0.07604   0.03824         0    0.1143       168       640    0.5356    0.5769    0.4789   0.09624   0.02472   0.01309         0
    88/299     2.95G   0.06757   0.04031         0    0.1079       100       640    0.5128    0.7115    0.5402    0.1059   0.02421   0.01331         0
    89/299     2.95G   0.07414   0.03357         0    0.1077       144       640     0.573      0.75    0.5497    0.1041   0.02363   0.01351         0
    90/299     2.95G   0.06809   0.03782         0    0.1059       133       640    0.4905    0.7885    0.5361    0.1211   0.02323    0.0137         0
    91/299     2.95G   0.07178   0.03373         0    0.1055       136       640    0.5317    0.7692    0.5491    0.1286   0.02317    0.0138         0
    92/299     2.95G   0.06747   0.03371         0    0.1012       107       640    0.5875      0.75    0.5796    0.1304   0.02294   0.01394         0
    93/299     2.95G   0.07807   0.03889         0     0.117       139       640    0.5628      0.75    0.5358    0.1351    0.0229   0.01399         0
    94/299     2.95G   0.07262   0.03132         0    0.1039        88       640     0.532    0.7692    0.5355    0.1356    0.0228   0.01386         0
    95/299     2.95G   0.07547    0.0381         0    0.1136       142       640    0.5418    0.7276    0.5639    0.1138   0.02313   0.01369         0
    96/299     2.95G   0.06728   0.03431         0    0.1016       107       640     0.542    0.7308    0.5284     0.111   0.02304   0.01361         0
    97/299     2.95G   0.07222   0.03296         0    0.1052        66       640    0.5434    0.7094    0.5318    0.1417   0.02315   0.01379         0
    98/299     2.95G   0.07275    0.0263         0   0.09906        94       640     0.605    0.7115    0.5891    0.1426   0.02331    0.0134         0
    99/299     2.95G   0.06476   0.03731         0    0.1021       112       640    0.5756    0.6538    0.5786    0.1401   0.02352   0.01353         0
   100/299     2.95G   0.07365   0.02967         0    0.1033       101       640    0.5524    0.6346    0.5362    0.1373   0.02316   0.01372         0
   101/299     2.95G   0.06691   0.03107         0   0.09797       106       640    0.4727    0.6724    0.4912    0.1311   0.02307   0.01375         0
   102/299     2.95G   0.07267   0.03255         0    0.1052       110       640    0.5316    0.6346    0.5193    0.1253     0.023   0.01388         0
   103/299     2.95G   0.07878   0.03168         0    0.1105        93       640    0.4534      0.75    0.5069    0.1159   0.02352   0.01387         0
   104/299     2.95G   0.06629   0.03542         0    0.1017       119       640    0.4743    0.7115    0.4845    0.1207   0.02309   0.01388         0
   105/299     2.95G   0.06553   0.03082         0   0.09635        98       640    0.3634      0.75    0.4194    0.1144   0.02351   0.01398         0
   106/299     2.95G   0.06686   0.02909         0   0.09595       111       640    0.3749    0.7496    0.4206    0.1136   0.02333   0.01385         0
   107/299     2.95G   0.07042   0.03382         0    0.1042       114       640    0.5787     0.634    0.5299    0.1111    0.0234   0.01326         0
   108/299     2.95G   0.06768   0.02751         0   0.09519        76       640    0.6018    0.6684     0.608    0.1106   0.02397   0.01255         0
   109/299     2.95G   0.07184   0.02813         0   0.09998        50       640    0.5673    0.6154    0.5481    0.1078   0.02384    0.0125         0
   110/299     2.95G   0.07109    0.0346         0    0.1057       154       640    0.5642    0.6731    0.5756    0.1225   0.02336   0.01262         0
   111/299     2.95G   0.06386   0.03104         0    0.0949       118       640    0.5603    0.6128    0.5551    0.1138   0.02328   0.01252         0
   112/299     2.95G   0.07116   0.03691         0    0.1081       152       640     0.485    0.6538    0.4893    0.1052   0.02298   0.01251         0
   113/299     2.95G   0.07513   0.03449         0    0.1096       193       640    0.5284    0.6894    0.5092    0.1067   0.02296   0.01262         0
   114/299     2.95G   0.05947   0.03122         0   0.09069       122       640    0.4696    0.8077    0.5146    0.1179   0.02292   0.01263         0
   115/299     2.95G   0.06075   0.03288         0   0.09362       160       640    0.4691      0.75    0.5009   0.09765   0.02339   0.01237         0
   116/299     2.95G   0.06667   0.03049         0   0.09715       155       640    0.4817    0.8042    0.5337    0.1176   0.02275    0.0124         0
   117/299     2.95G   0.06371    0.0334         0   0.09711       103       640    0.4846    0.7308    0.5175    0.1254   0.02255   0.01239         0
   118/299     2.95G    0.0601   0.02951         0   0.08961       126       640    0.5138    0.6154    0.5047    0.1362   0.02264   0.01245         0
   119/299     2.95G    0.0626   0.02947         0   0.09207       131       640    0.4132    0.8259    0.4779    0.1406   0.02258   0.01243         0
   120/299     2.95G   0.07144   0.02912         0    0.1006        67       640     0.415    0.9038    0.4876    0.1096   0.02274   0.01257         0
   121/299     2.95G   0.05036   0.03036         0   0.08072       171       640    0.3404    0.8434    0.4171   0.09691   0.02314   0.01284         0
   122/299     2.95G   0.07436   0.03108         0    0.1054       150       640    0.4516    0.8077    0.5152   0.09407   0.02283   0.01276         0
   123/299     2.95G   0.06599   0.03288         0   0.09887       131       640    0.4516    0.8077    0.5152   0.09407   0.02283   0.01276         0
   124/299     2.95G   0.05951   0.03088         0   0.09039       159       640    0.4679    0.8454    0.5744    0.1015   0.02285   0.01262         0
   125/299     2.95G   0.07424   0.02925         0    0.1035       139       640    0.5337      0.75    0.5693     0.121   0.02242   0.01246         0
   126/299     2.95G   0.05177   0.03048         0   0.08225        91       640    0.5046    0.8228    0.6167    0.1248    0.0226   0.01231         0
   127/299     2.95G   0.07235   0.02659         0   0.09895        68       640    0.5046    0.8228    0.6167    0.1248    0.0226   0.01231         0
   128/299     2.95G   0.06256   0.02807         0   0.09063       121       640    0.5166    0.5961    0.4953   0.08563   0.02335   0.01216         0
   129/299     2.95G   0.07022   0.03068         0    0.1009       137       640    0.5061    0.6923      0.55    0.1382    0.0224   0.01225         0
   130/299     2.95G   0.06912   0.02416         0   0.09328        62       640    0.2431    0.6923    0.1984   0.02921   0.02673   0.01113         0
   131/299     2.95G   0.07662   0.02541         0     0.102       127       640    0.2431    0.6923    0.1984   0.02921   0.02673   0.01113         0
   132/299     2.95G   0.06936   0.02868         0   0.09804        84       640    0.4781    0.6731    0.4781   0.08595   0.02386   0.01142         0
   133/299     2.95G   0.08055   0.02725         0    0.1078       107       640    0.5525    0.8073    0.5786     0.152   0.02299   0.01154         0
   134/299     2.95G   0.08139   0.02665         0     0.108       131       640     0.245    0.5928    0.2377   0.03451   0.02558   0.01103         0
   135/299     2.95G   0.06314   0.02721         0   0.09035       156       640     0.245    0.5928    0.2377   0.03451   0.02558   0.01103         0
   136/299     2.95G   0.07123    0.0265         0   0.09773       104       640    0.5392    0.5192    0.4294   0.07343   0.02333   0.01144         0
   137/299     2.95G   0.07461   0.02764         0    0.1023       119       640    0.5055    0.7308    0.5756    0.1486   0.02376   0.01142         0
   138/299     2.95G   0.05977   0.03098         0   0.09075       149       640    0.6063    0.6538    0.5693    0.0869   0.02255   0.01128         0
   139/299     2.95G   0.07593   0.02738         0    0.1033       119       640    0.6063    0.6538    0.5693    0.0869   0.02255   0.01128         0
   140/299     2.95G   0.06887   0.03125         0    0.1001       163       640    0.5754    0.7308    0.6452    0.1025   0.02206    0.0114         0
   141/299     2.95G   0.06209     0.028         0   0.09008       116       640    0.5743    0.8077    0.6033    0.1217   0.02197   0.01138         0
   142/299     2.95G   0.06518    0.0293         0   0.09448       151       640    0.5304    0.8038    0.6085    0.1496   0.02235    0.0113         0
   143/299     2.95G   0.06222    0.0268         0   0.08902       104       640    0.5304    0.8038    0.6085    0.1496   0.02235   0.01128         0
   144/299     2.95G   0.06082   0.02434         0   0.08516       106       640     0.653    0.6516    0.6489    0.1338   0.02245   0.01123         0
   145/299     2.95G   0.06275   0.03059         0   0.09334       129       640    0.6077      0.75    0.6642    0.1421   0.02222   0.01134         0
   146/299     2.95G   0.06323   0.02622         0   0.08946       137       640    0.6395    0.7848    0.7651    0.1685   0.02213   0.01141         0
   147/299     2.95G   0.06052   0.02826         0   0.08878       132       640    0.6395    0.7848    0.7651    0.1685   0.02213   0.01141         0
   148/299     2.95G   0.07045   0.02959         0       0.1       126       640    0.6094    0.8462    0.7218    0.1962   0.02174   0.01148         0
   149/299     2.95G   0.07223   0.02866         0    0.1009       114       640     0.726    0.7692    0.8037    0.1611   0.02187   0.01148         0
   150/299     2.95G   0.05711   0.02764         0   0.08474       138       640    0.7399    0.8269    0.8329    0.1667   0.02178   0.01155         0
   151/299     2.95G   0.07364   0.03097         0    0.1046       135       640    0.7399    0.8269    0.8329    0.1667   0.02178   0.01156         0
   152/299     2.95G   0.05587   0.02992         0   0.08579       105       640    0.6507     0.788    0.7488    0.1765   0.02171   0.01157         0
   153/299     2.95G   0.04799    0.0305         0   0.07849       155       640     0.623    0.8077    0.7098    0.1933     0.022   0.01212         0
   154/299     2.95G   0.04743   0.02866         0   0.07609       133       640    0.6947    0.7877    0.7867     0.153   0.02147   0.01282         0
   155/299     2.95G   0.05355   0.02711         0   0.08065       160       640    0.6947    0.7877    0.7867     0.153   0.02147   0.01282         0
   156/299     2.95G   0.07175   0.02691         0   0.09866        88       640    0.6769    0.8057    0.7781    0.1679   0.02152   0.01209         0
   157/299     2.95G    0.0584   0.02007         0   0.07847        86       640    0.6322    0.8264    0.6861    0.1693   0.02269   0.01113         0
   158/299     2.95G   0.05816   0.02995         0    0.0881       187       640    0.7037    0.7308    0.7362    0.1852   0.02117   0.01109         0
   159/299     2.95G   0.05644   0.02608         0   0.08252       109       640    0.7037    0.7308    0.7362    0.1852   0.02117   0.01109         0
   160/299     2.95G   0.06482   0.03023         0   0.09505        71       640    0.6897    0.6923    0.7146    0.1812   0.02137   0.01091         0
   161/299     2.95G   0.05892   0.02728         0    0.0862       151       640     0.587    0.7692    0.6907    0.1991    0.0212   0.01087         0
   162/299     2.95G   0.05507   0.02802         0   0.08309        92       640    0.6991    0.6703     0.675    0.1755   0.02123   0.01086         0
   163/299     2.95G   0.05881   0.02946         0   0.08826       106       640    0.6991    0.6703     0.675    0.1755   0.02123   0.01086         0
   164/299     2.95G   0.04568   0.02867         0   0.07435       176       640    0.5426      0.73    0.6078    0.1699   0.02081    0.0111         0
   165/299     2.95G   0.06719   0.03212         0   0.09932       109       640     0.564    0.6717    0.5932     0.167   0.02072   0.01167         0
   166/299     2.95G   0.06365   0.03081         0   0.09445       127       640    0.5299    0.6721    0.5582    0.1569   0.02207   0.01215         0
   167/299     2.95G   0.06979   0.02578         0   0.09557       110       640    0.5299    0.6721    0.5582    0.1569   0.02207   0.01215         0
   168/299     2.95G    0.0684   0.03192         0    0.1003       126       640    0.5137    0.6908    0.5753    0.1821   0.02133   0.01235         0
   169/299     2.95G   0.06108   0.02999         0   0.09107       128       640    0.5137    0.6908    0.5753    0.1821   0.02133   0.01235         0
   170/299     2.95G   0.05189   0.02722         0   0.07911       101       640     0.427    0.7882    0.5341    0.1824   0.02116   0.01246         0
   171/299     2.95G   0.05442   0.03179         0   0.08621       160       640    0.4578    0.7307    0.6004   0.09431     0.022   0.01212         0
   172/299     2.95G   0.06263   0.03113         0   0.09377       121       640    0.4578    0.7307    0.6004   0.09431     0.022   0.01211         0
   173/299     2.95G   0.06502   0.02762         0   0.09265        92       640    0.4821    0.7885    0.5475     0.141   0.02046   0.01264         0
   174/299     2.95G   0.06591    0.0225         0   0.08841        95       640    0.4821    0.7885    0.5475     0.141   0.02046   0.01266         0
   175/299     2.95G   0.05042   0.02947         0   0.07989       154       640    0.4933      0.75    0.5183    0.1343   0.02068   0.01279         0
   176/299     2.95G   0.06308   0.02812         0   0.09119       164       640    0.5595    0.8077    0.6781    0.1555   0.02037   0.01261         0
   177/299     2.95G   0.06348   0.02753         0   0.09101       121       640    0.5595    0.8077    0.6781    0.1555   0.02037   0.01263         0
   178/299     2.95G   0.05781   0.02545         0   0.08326       107       640     0.544    0.8259    0.7006    0.1899   0.02018    0.0121         0
   179/299     2.95G   0.06621   0.02726         0   0.09347        96       640     0.544    0.8259    0.7006    0.1899   0.02018    0.0121         0
   180/299     2.95G   0.07076   0.02423         0   0.09499       116       640    0.7933    0.5905    0.7386    0.1945   0.02004   0.01184         0
   181/299     2.95G   0.06497   0.02838         0   0.09335       159       640    0.6153    0.7115    0.6049    0.1754   0.02046   0.01193         0
   182/299     2.95G   0.05748   0.02331         0   0.08079       129       640    0.6153    0.7115    0.6049    0.1754   0.02046   0.01193         0
   183/299     2.95G   0.06515   0.02482         0   0.08996       147       640    0.4279    0.5192    0.4573   0.08378   0.02328   0.01099         0
   184/299     2.95G   0.07404   0.02934         0    0.1034       162       640    0.4279    0.5192    0.4573   0.08378   0.02328     0.011         0
   185/299     2.95G     0.055   0.02662         0   0.08162       111       640    0.6218    0.5374    0.5714    0.1185   0.02287   0.01081         0
   186/299     2.95G   0.05911   0.03132         0   0.09043       147       640    0.5605    0.7115    0.5345    0.1338   0.02289   0.01093         0
   187/299     2.95G   0.06198   0.02836         0   0.09034       151       640    0.5605    0.7115    0.5345    0.1338   0.02289   0.01093         0
   188/299     2.95G   0.07067   0.02745         0   0.09812       178       640    0.5472    0.8832    0.6915    0.1628   0.02076   0.01045         0
   189/299     2.95G   0.05655   0.02499         0   0.08154       113       640    0.5472    0.8832    0.6915    0.1628   0.02076   0.01044         0
   190/299     2.95G      0.06   0.02719         0   0.08719       142       640      0.54    0.9032    0.6951    0.1628   0.02078   0.01033         0
   191/299     2.95G   0.06323    0.0289         0   0.09213       157       640    0.6386    0.7476    0.6758    0.1927   0.02048   0.01087         0
   192/299     2.95G   0.06373   0.02058         0    0.0843        69       640    0.6386    0.7476    0.6758    0.1927   0.02048   0.01086         0
   193/299     2.95G   0.05824      0.03         0   0.08824       147       640    0.6282      0.65    0.6103    0.1209    0.0215   0.01103         0
   194/299     2.95G   0.05782   0.02753         0   0.08535        89       640    0.6282      0.65    0.6103    0.1209    0.0215   0.01104         0
   195/299     2.95G    0.0638   0.02599         0   0.08978       117       640    0.6486    0.7115    0.6743    0.1265   0.02104   0.01133         0
   196/299     2.95G   0.05713     0.024         0   0.08113        85       640    0.6788    0.6538    0.6348    0.1634   0.02182   0.01088         0
   197/299     2.95G   0.05334    0.0243         0   0.07764       134       640    0.6788    0.6538    0.6348    0.1634   0.02182   0.01088         0
   198/299     2.95G   0.05886   0.02452         0   0.08338       109       640    0.7111    0.7099     0.729    0.1932    0.0196   0.01053         0
   199/299     2.95G   0.05167   0.02578         0   0.07745       108       640    0.7111    0.7099     0.729    0.1932    0.0196   0.01052         0
   200/299     2.95G   0.06619   0.02559         0   0.09178       103       640    0.7339    0.6923    0.7615    0.1793   0.02044   0.01022         0
   201/299     2.95G   0.05522   0.03043         0   0.08565       113       640    0.6344    0.7692    0.7212    0.1873   0.01946   0.01047         0
   202/299     2.95G   0.06096   0.03343         0   0.09439       133       640    0.6344    0.7692    0.7212    0.1873   0.01946   0.01047         0
   203/299     2.95G   0.05988   0.02456         0   0.08444        80       640    0.6997    0.6722    0.7032    0.1436   0.02032   0.01027         0
   204/299     2.95G   0.06239   0.02662         0   0.08901       130       640    0.6997    0.6722    0.7032    0.1436   0.02032   0.01027         0
   205/299     2.95G   0.04787   0.02471         0   0.07258       109       640    0.6344    0.7692     0.772    0.1737   0.01955   0.01053         0
   206/299     2.95G   0.05579   0.02954         0   0.08532       134       640    0.6158    0.7115    0.6131    0.1907   0.02047   0.01047         0
   207/299     2.95G   0.05394   0.02703         0   0.08097       136       640    0.6158    0.7115    0.6131    0.1907   0.02047   0.01047         0
   208/299     2.95G    0.0598   0.02709         0   0.08689       146       640    0.5784    0.6731    0.6168    0.2076    0.0201   0.01077         0
   209/299     2.95G   0.05352   0.02896         0   0.08248       125       640    0.5784    0.6731    0.6168    0.2076    0.0201   0.01077         0
   210/299     2.95G   0.05505    0.0308         0   0.08585       198       640    0.6659    0.7308    0.7613    0.2152    0.0195   0.01071         0
   211/299     2.95G   0.05747   0.03002         0   0.08749       125       640    0.6605      0.75    0.6812    0.2279   0.01977   0.01074         0
   212/299     2.95G   0.05764   0.02663         0   0.08427       103       640    0.6605      0.75    0.6812    0.2279   0.01977   0.01074         0
   213/299     2.95G   0.05319   0.02167         0   0.07485       113       640      0.57    0.7308    0.7045    0.1473   0.02075   0.01028         0
   214/299     2.95G   0.05946   0.02386         0   0.08331       104       640      0.57    0.7308    0.7045    0.1473   0.02075   0.01028         0
   215/299     2.95G   0.04422   0.02961         0   0.07383       133       640      0.57    0.7308    0.7045    0.1473   0.02075   0.01028         0
   216/299     2.95G   0.04859    0.0254         0   0.07399       126       640    0.7243    0.6154    0.7075    0.1451   0.02083   0.01014         0
   217/299     2.95G   0.05776   0.03193         0   0.08969       177       640    0.7243    0.6154    0.7075    0.1451   0.02083   0.01015         0
   218/299     2.95G   0.05293   0.02477         0    0.0777       159       640    0.6028    0.7879    0.7267    0.2159   0.01912   0.01044         0
   219/299     2.95G   0.05209   0.02157         0   0.07366        87       640    0.6028    0.7879    0.7267    0.2159   0.01912   0.01044         0
   220/299     2.95G   0.05561   0.02803         0   0.08364       121       640    0.6352    0.7115    0.7041    0.2336   0.01888   0.01063         0
   221/299     2.95G   0.05449   0.02647         0   0.08096       126       640    0.6352    0.7115    0.7041    0.2336   0.01888   0.01064         0
   222/299     2.95G   0.06188   0.02688         0   0.08876       100       640    0.7444    0.6731    0.7683    0.2275   0.01892   0.01074         0
   223/299     2.95G   0.05418    0.0242         0   0.07838       120       640    0.7444    0.6731    0.7683    0.2275   0.01892   0.01074         0
   224/299     2.95G   0.06079   0.02837         0   0.08916       112       640    0.7953    0.6726    0.7752    0.2085   0.01929    0.0106         0
   225/299     2.95G   0.06172   0.02389         0   0.08561       107       640    0.7953    0.6726    0.7752    0.2085   0.01929    0.0106         0
   226/299     2.95G   0.06011   0.02356         0   0.08368       122       640    0.7906    0.6534     0.766      0.21   0.01909   0.01058         0
   227/299     2.95G   0.05992   0.02269         0   0.08261        96       640    0.7906    0.6534     0.766      0.21   0.01909   0.01059         0
   228/299     2.95G   0.06443   0.03075         0   0.09517       137       640    0.7713    0.6488    0.7112    0.2436   0.01891   0.01059         0
   229/299     2.95G   0.05947   0.02697         0   0.08644       129       640    0.7713    0.6488    0.7112    0.2436   0.01891   0.01058         0
   230/299     2.95G   0.05504   0.02514         0   0.08017       139       640    0.7135    0.6923    0.6984    0.2341   0.01903   0.01049         0
   231/299     2.95G   0.06393   0.02905         0   0.09298       156       640    0.7135    0.6923    0.6984    0.2341   0.01903   0.01048         0
   232/299     2.95G   0.06103   0.02359         0   0.08462        95       640    0.6054    0.8269    0.7036    0.2188   0.01953    0.0102         0
   233/299     2.95G   0.06116   0.02726         0   0.08842       158       640    0.6054    0.8269    0.7036    0.2188   0.01953   0.01021         0
   234/299     2.95G   0.05143   0.02158         0   0.07302       138       640    0.7609     0.673    0.7099    0.2024    0.0203   0.01014         0
   235/299     2.95G    0.0548    0.0226         0    0.0774        96       640    0.7609     0.673    0.7099    0.2024    0.0203   0.01015         0
   236/299     2.95G   0.05309   0.02641         0    0.0795       101       640    0.7203      0.75    0.7025    0.2375   0.01995   0.01048         0
   237/299     2.95G   0.05803   0.02828         0   0.08631       145       640    0.7203      0.75    0.7025    0.2375   0.01995   0.01049         0
   238/299     2.95G   0.05953   0.02287         0   0.08239       123       640    0.6304    0.8269    0.7094     0.232   0.02017   0.01069         0
   239/299     2.95G     0.051   0.02571         0   0.07671       101       640    0.6304    0.8269    0.7094     0.232   0.02017   0.01071         0
   240/299     2.95G   0.05498   0.02583         0    0.0808        83       640    0.6717    0.7885    0.7356     0.251    0.0201   0.01091         0
   241/299     2.95G   0.05222   0.02978         0   0.08201       159       640    0.6717    0.7885    0.7356     0.251    0.0201   0.01093         0
   242/299     2.95G   0.05908   0.02903         0   0.08811        91       640     0.722      0.75    0.7436    0.2506   0.01997   0.01124         0
   243/299     2.95G   0.05352   0.02267         0   0.07619        57       640     0.722      0.75    0.7436    0.2506   0.01997   0.01123         0
   244/299     2.95G   0.05115   0.02453         0   0.07569        78       640    0.7728    0.7885    0.8307    0.2703   0.01977   0.01113         0
   245/299     2.95G   0.06108   0.03226         0   0.09335       118       640    0.7728    0.7885    0.8307    0.2703   0.01977   0.01113         0
   246/299     2.95G   0.05631   0.02418         0   0.08049       119       640    0.7797      0.75    0.8305    0.2069   0.02046   0.01084         0
   247/299     2.95G   0.05196   0.02629         0   0.07825       109       640    0.7797      0.75    0.8305    0.2069   0.02046   0.01084         0
   248/299     2.95G   0.06316   0.03009         0   0.09325       154       640    0.7413    0.8269    0.8291    0.2093   0.02028   0.01083         0
   249/299     2.95G   0.05329   0.02648         0   0.07976       132       640    0.7413    0.8269    0.8291    0.2093   0.02028   0.01083         0
   250/299     2.95G   0.05288   0.02555         0   0.07843       140       640    0.7212    0.8077    0.8392    0.2588   0.01968     0.011         0
   251/299     2.95G   0.04942   0.02149         0   0.07091       104       640    0.7212    0.8077    0.8392    0.2588   0.01968   0.01101         0
   252/299     2.95G   0.05649    0.0251         0   0.08159       117       640     0.776    0.8077    0.8591    0.2842   0.01935   0.01093         0
   253/299     2.95G   0.05286   0.02629         0   0.07915       135       640     0.776    0.8077    0.8591    0.2842   0.01935   0.01093         0
   254/299     2.95G   0.04945   0.02309         0   0.07254        89       640    0.6664    0.7682    0.7425    0.2999   0.01867     0.011         0
   255/299     2.95G   0.05985   0.03097         0   0.09082       182       640    0.6664    0.7682    0.7425    0.2999   0.01867     0.011         0
   256/299     2.95G   0.05111   0.02947         0   0.08058       127       640    0.7099    0.8077    0.7723    0.3047   0.01849   0.01091         0
   257/299     2.95G   0.04902   0.02607         0   0.07509       149       640    0.7099    0.8077    0.7723    0.3047   0.01849   0.01091         0
   258/299     2.95G   0.05158   0.02605         0   0.07762       148       640     0.711    0.8077    0.7651    0.2934   0.01868   0.01097         0
   259/299     2.95G   0.06189   0.02691         0   0.08881       132       640     0.711    0.8077    0.7651    0.2934   0.01868   0.01097         0
   260/299     2.95G   0.05628   0.02671         0     0.083       103       640    0.7565    0.8654    0.8385    0.3016   0.01795   0.01093         0
   261/299     2.95G   0.05703   0.02512         0   0.08215       134       640    0.7565    0.8654    0.8385    0.3016   0.01795   0.01093         0
   262/299     2.95G   0.05419   0.02378         0   0.07796       142       640    0.7565    0.8654    0.8385    0.3016   0.01795   0.01093         0
   263/299     2.95G     0.059   0.02798         0   0.08698       187       640    0.7714    0.8462      0.86    0.2867   0.01834   0.01037         0
   264/299     2.95G   0.05507    0.0265         0   0.08157       101       640    0.7714    0.8462      0.86    0.2867   0.01834   0.01037         0
   265/299     2.95G   0.05371   0.03203         0   0.08574       105       640    0.7714    0.8462      0.86    0.2867   0.01834   0.01037         0
   266/299     2.95G   0.05908   0.02877         0   0.08785       138       640    0.8999    0.6923    0.8706    0.2923    0.0186   0.01011         0
   267/299     2.95G   0.05716    0.0259         0   0.08305        96       640    0.8999    0.6923    0.8706    0.2923    0.0186   0.01011         0
   268/299     2.95G   0.05463   0.02934         0   0.08397       119       640    0.6339    0.9038    0.8296    0.2821   0.01855   0.01007         0
   269/299     2.95G   0.05116   0.02818         0   0.07934        86       640    0.6339    0.9038    0.8296    0.2821   0.01855   0.01006         0
   270/299     2.95G   0.06752   0.02406         0   0.09158       171       640    0.6099    0.8462    0.7537    0.2129   0.01999   0.00964         0
   271/299     2.95G   0.05755   0.03232         0   0.08987       199       640    0.6099    0.8462    0.7537    0.2129   0.01999   0.00964         0
   272/299     2.95G   0.05856   0.02655         0   0.08511       111       640    0.6099    0.8462    0.7537    0.2129   0.01999   0.00964         0
   273/299     2.95G   0.05367   0.02467         0   0.07834       169       640    0.7111    0.9038    0.8413    0.2383   0.01966  0.009492         0
   274/299     2.95G   0.05236   0.02599         0   0.07835       153       640    0.7111    0.9038    0.8413    0.2383   0.01966  0.009494         0
   275/299     2.95G   0.05813   0.02405         0   0.08218        87       640    0.7286    0.8846     0.848    0.3008   0.01835  0.009576         0
   276/299     2.95G   0.04644   0.02463         0   0.07107        67       640    0.7286    0.8846     0.848    0.3008   0.01835  0.009571         0
   277/299     2.95G   0.04332   0.03109         0   0.07441       135       640    0.6377    0.8461     0.793    0.2927   0.01867  0.009934         0
   278/299     2.95G   0.06125   0.02781         0   0.08907       154       640    0.6377    0.8461     0.793    0.2927   0.01867  0.009949         0
   279/299     2.95G   0.05164   0.02801         0   0.07965       148       640    0.6377    0.8461     0.793    0.2927   0.01867  0.009934         0
   280/299     2.95G   0.05946    0.0198         0   0.07926        98       640    0.7424     0.942    0.8946    0.2654   0.01867   0.01001         0
   281/299     2.95G   0.05446   0.02615         0   0.08061       118       640    0.7424     0.942    0.8946    0.2654   0.01867   0.01001         0
   282/299     2.95G   0.05876   0.02437         0   0.08313       145       640    0.8334    0.7885    0.8825    0.2983   0.01818    0.0101         0
   283/299     2.95G   0.05762   0.03159         0   0.08922       159       640    0.8334    0.7885    0.8825    0.2983   0.01818    0.0101         0
   284/299     2.95G    0.0615   0.03208         0   0.09358       117       640    0.6984    0.8077    0.8132     0.242   0.01945   0.01019         0
   285/299     2.95G   0.05598   0.02167         0   0.07765       106       640    0.6984    0.8077    0.8132     0.242   0.01945   0.01019         0
   286/299     2.95G   0.05755   0.02658         0   0.08413        93       640    0.6984    0.8077    0.8132     0.242   0.01945   0.01019         0
   287/299     2.95G   0.05672   0.02716         0   0.08388       162       640    0.7645      0.75    0.8279     0.242   0.01932   0.01021         0
   288/299     2.95G   0.05687   0.02178         0   0.07865       114       640    0.7645      0.75    0.8279     0.242   0.01932   0.01021         0
   289/299     2.95G   0.05832   0.02238         0    0.0807       109       640    0.8478      0.75    0.8481    0.2738   0.01829   0.01004         0
   290/299     2.95G   0.05241     0.028         0   0.08041       104       640    0.8478      0.75    0.8481    0.2738   0.01829   0.01004         0
   291/299     2.95G   0.05506   0.02475         0    0.0798       123       640    0.6778    0.7692    0.7663    0.2603   0.01877  0.009833         0
   292/299     2.95G    0.0568   0.02436         0   0.08116        91       640    0.6778    0.7692    0.7663    0.2603   0.01877  0.009833         0
   293/299     2.95G   0.05915   0.02344         0    0.0826       131       640    0.6778    0.7692    0.7663    0.2603   0.01877  0.009833         0
   294/299     2.95G   0.05739   0.02679         0   0.08419       156       640    0.5976    0.8077    0.7339    0.2247   0.01954  0.009795         0
   295/299     2.95G   0.05849   0.02586         0   0.08435       105       640    0.5976    0.8077    0.7339    0.2247   0.01954  0.009795         0
   296/299     2.95G   0.05596   0.02714         0    0.0831       156       640    0.6091    0.8462    0.7779    0.2504   0.01873  0.009706         0
   297/299     2.95G   0.04674   0.02961         0   0.07634       140       640    0.6091    0.8462    0.7779    0.2504   0.01873  0.009705         0
   298/299     2.95G   0.05046   0.02673         0   0.07719       158       640    0.7255    0.7692    0.7933    0.2672   0.01838  0.009831         0
   299/299     2.95G   0.05467   0.02577         0   0.08044       182       640    0.7255    0.7692    0.7933    0.2672   0.01838  0.009843         0
