     0/299     8.24G   0.08205   0.02931         0    0.1114       117       640         0         0         0         0   0.08127   0.02354         0
     1/299     8.34G   0.08271   0.02938         0    0.1121       128       640         0         0         0         0    0.0804   0.02324         0
     2/299     8.34G   0.08237   0.03026         0    0.1126       129       640         0         0         0         0   0.07892   0.02316         0
     3/299     8.35G    0.0747   0.03387         0    0.1086        96       640         0         0         0         0   0.07655   0.02337         0
     4/299     8.35G   0.07543     0.038         0    0.1134       100       640         0         0         0         0   0.07362   0.02381         0
     5/299     8.35G   0.07123   0.03554         0    0.1068       111       640         0         0 1.022e-05 1.022e-06   0.07048   0.02412         0
     6/299     8.35G   0.07088   0.03816         0     0.109       193       640         0         0 9.174e-06 9.174e-07   0.06836   0.02388         0
     7/299     8.35G   0.07262   0.03312         0    0.1057       104       640         0         0         0         0   0.06716   0.02315         0
     8/299     8.35G   0.07114   0.03409         0    0.1052        93       640         0         0  0.000179 4.356e-05   0.06202   0.02396         0
     9/299     8.35G   0.06981   0.03243         0    0.1022        67       640         0         0 0.0003868 7.558e-05   0.06168   0.02385         0
    10/299     8.35G   0.06777   0.03538         0    0.1032       103       640         0         0  9.81e-05  9.81e-06   0.06042   0.02391         0
    11/299     8.35G   0.06782   0.03615         0     0.104       136       640         0         0 0.0001957 3.131e-05   0.06104   0.02334         0
    12/299     8.35G   0.06852   0.03897         0    0.1075       181       640         0         0 0.0005575  0.000115   0.06105   0.02289         0
    13/299     8.35G   0.06439   0.03413         0   0.09852        62       640         0         0  0.001071 0.0002163   0.06016   0.02268         0
    14/299     8.35G   0.06623   0.03997         0    0.1062       193       640         0         0  0.002126 0.0003648   0.05753   0.02288         0
    15/299     8.35G   0.06031   0.03515         0   0.09546        81       640         0         0  0.004755   0.00101   0.05466   0.02297         0
    16/299     8.35G   0.06271   0.03104         0   0.09376       132       640         0         0  0.009117  0.001722   0.05277   0.02274         0
    17/299     8.35G   0.06394   0.03229         0   0.09622        68       640         0         0   0.05087  0.009739   0.05319   0.02159         0
    18/299     8.35G   0.06137   0.03387         0   0.09524       102       640         1   0.01887     0.154   0.03041   0.05146   0.02162         0
    19/299     8.35G   0.07571   0.03137         0    0.1071       115       640         0         0   0.09525   0.01532    0.0532   0.02116         0
    20/299     8.35G   0.06014     0.033         0   0.09313       105       640         1   0.01887    0.1689   0.03089   0.05294   0.02074         0
    21/299     8.35G   0.05881   0.03985         0   0.09865       106       640         1   0.01887    0.1602   0.04431   0.05188    0.0205         0
    22/299     8.35G   0.07387    0.0368         0    0.1107       135       640         1   0.01887    0.2669   0.04967   0.05117   0.02022         0
    23/299     8.35G   0.06001   0.03095         0   0.09096       123       640         1   0.01887    0.2698   0.05533   0.05089   0.01991         0
    24/299     8.35G   0.05585   0.03743         0   0.09328       150       640   0.06219  0.002347    0.2947   0.05896   0.05301   0.01952         0
    25/299     8.35G   0.05515   0.03127         0   0.08642        43       640         0         0    0.2849    0.0606   0.05434   0.01934         0
    26/299     8.35G   0.05686   0.02517         0   0.08202        89       640      0.19   0.02256    0.2497   0.05314   0.05501   0.01942         0
    27/299     8.35G   0.05723   0.03547         0    0.0927        82       640    0.1121   0.01887    0.2608   0.04974   0.05528   0.01934         0
    28/299     8.35G   0.05467   0.03247         0   0.08714        95       640    0.4928    0.2075    0.3234   0.06336   0.05472   0.01954         0
    29/299     8.35G   0.05711   0.04044         0   0.09755       219       640    0.4466     0.283    0.3627   0.06842   0.05384   0.01976         0
    30/299     8.35G   0.05595   0.03126         0   0.08721        90       640    0.3733    0.4906    0.3839    0.0794   0.05193   0.02023         0
    31/299     8.35G   0.05179   0.03156         0   0.08336        43       640    0.3423    0.5849    0.4004   0.08803   0.04969   0.02056         0
    32/299     8.35G   0.05093   0.03432         0   0.08525       125       640    0.3058    0.7358     0.468    0.1225    0.0479   0.02094         0
    33/299     8.35G   0.05454   0.03213         0   0.08667        62       640    0.2291    0.7547    0.4285   0.08838   0.05042   0.02105         0
    34/299     8.35G   0.05214   0.02861         0   0.08075        64       640    0.1993    0.8868    0.5061    0.1259   0.04905   0.02237         0
    35/299     8.35G   0.05445   0.03341         0   0.08786       141       640    0.1685    0.9434    0.5928    0.1162   0.05145   0.02286         0
    36/299     8.35G   0.05446   0.03446         0   0.08892       184       640    0.1422    0.9811    0.5097    0.1281   0.04883   0.02426         0
    37/299     8.35G   0.05255   0.03166         0   0.08421       187       640    0.1326    0.9623    0.5984    0.1516   0.04757   0.02492         0
    38/299     8.35G   0.05321   0.03084         0   0.08405        70       640    0.1118    0.9623    0.6077    0.1304   0.04725   0.02577         0
    39/299     8.35G    0.0524   0.03264         0   0.08503        96       640    0.1139    0.9811    0.6332    0.1278    0.0469   0.02613         0
    40/299     8.35G   0.05167   0.03691         0   0.08859       174       640      0.11    0.9811    0.6148    0.1376   0.04637   0.02658         0
    41/299     8.35G   0.05288   0.03938         0   0.09226       171       640    0.1057    0.9811    0.4533    0.0945   0.04994   0.02657         0
    42/299     8.35G    0.0498      0.03         0    0.0798        93       640    0.1199         1    0.5949    0.1265   0.04503   0.02591         0
    43/299     8.35G   0.04991   0.03619         0    0.0861       120       640    0.1246    0.9623    0.6676    0.1553   0.04413   0.02506         0
    44/299     8.35G   0.05143    0.0264         0   0.07783        78       640    0.1705    0.9623    0.5919    0.1713   0.04239   0.02265         0
    45/299     8.35G   0.04831   0.02934         0   0.07765        89       640    0.1768    0.9623    0.5266    0.1411   0.04706   0.02134         0
    46/299     8.35G   0.04871    0.0261         0   0.07481        79       640    0.2568    0.8302    0.4323   0.07963   0.04195   0.01982         0
    47/299     8.35G   0.05037   0.03356         0   0.08393        83       640    0.2879    0.9623    0.6405    0.1823   0.04097   0.01935         0
    48/299     8.35G   0.04728   0.03384         0   0.08112       107       640    0.2848    0.9623    0.6188    0.1809   0.04254   0.01879         0
    49/299     8.35G   0.04908   0.03434         0   0.08342       130       640    0.2699    0.9811    0.5871    0.1679   0.04484   0.01836         0
    50/299     8.35G   0.04811   0.03059         0   0.07871        76       640    0.1915    0.8491    0.3918   0.07043   0.04699   0.01764         0
    51/299     8.35G     0.051   0.02642         0   0.07742       119       640    0.1503    0.3774    0.1141   0.01399   0.05151   0.01737         0
    52/299     8.35G   0.05118   0.03179         0   0.08297       138       640    0.2509    0.9434    0.4791    0.1126   0.04551    0.0171         0
    53/299     8.35G   0.04565   0.02972         0   0.07537        72       640    0.3164    0.9623    0.6085    0.1637   0.04212   0.01739         0
    54/299     8.35G   0.04809   0.02966         0   0.07776       144       640     0.267    0.9434    0.5447    0.1354   0.04403   0.01716         0
    55/299     8.35G   0.04596   0.03041         0   0.07637       157       640    0.2684    0.9434    0.5925    0.1415   0.04441   0.01739         0
    56/299     8.35G   0.04575   0.02304         0   0.06879       167       640    0.2998    0.8491    0.4351   0.08971   0.04366   0.01664         0
    57/299     8.35G   0.04457   0.03021         0   0.07478       109       640    0.2829    0.9434    0.4542    0.1122   0.04386   0.01585         0
    58/299     8.35G   0.04844      0.03         0   0.07844       185       640    0.3368    0.8868    0.5013    0.1387   0.04259   0.01576         0
    59/299     8.35G   0.04608   0.02373         0   0.06981       164       640    0.3063    0.9498    0.5353    0.1227   0.04307   0.01518         0
    60/299     8.35G   0.04607   0.02748         0   0.07355       104       640    0.3247    0.9434     0.517    0.1169   0.04618   0.01487         0
    61/299     8.35G   0.04867   0.02548         0   0.07415       128       640    0.3825    0.7736    0.5358    0.1348   0.03834   0.01489         0
    62/299     8.35G   0.04849   0.02618         0   0.07467       187       640    0.2355    0.8113    0.4121   0.09227   0.05121   0.01413         0
    63/299     8.35G    0.0491   0.03006         0   0.07916       162       640    0.3424     0.717    0.4483   0.08066   0.04046   0.01462         0
    64/299     8.35G    0.0397   0.02599         0   0.06569        64       640    0.4169    0.9623    0.6472    0.1721   0.03779   0.01455         0
    65/299     8.35G   0.04845   0.03508         0   0.08353       130       640    0.2259    0.7736    0.3884   0.06839   0.04925   0.01392         0
    66/299     8.35G   0.04679    0.0268         0   0.07359       206       640    0.3127     0.717    0.3769   0.06548   0.03971   0.01456         0
    67/299     8.35G   0.04348   0.02507         0   0.06855       155       640    0.2879    0.9245    0.5646    0.1645   0.04578   0.01427         0
    68/299     8.35G   0.04676   0.02082         0   0.06758       142       640    0.1812    0.6415    0.2618   0.04613   0.05455    0.0137         0
    69/299     8.35G   0.05123     0.019         0   0.07023       103       640    0.2522    0.4151    0.1955   0.02786   0.04342    0.0139         0
    70/299     8.35G   0.04954   0.02282         0   0.07235        92       640    0.2872    0.9057    0.4379   0.09739   0.04449   0.01357         0
    71/299     8.35G   0.04502   0.02413         0   0.06915       152       640    0.4187    0.9434    0.6199    0.1541   0.03877   0.01411         0
    72/299     8.35G   0.04266   0.02552         0   0.06818       139       640    0.4079    0.9623     0.605    0.1846   0.03856   0.01404         0
    73/299     8.35G   0.04088   0.02536         0   0.06624        98       640     0.415    0.9623    0.6056    0.1964   0.03815   0.01401         0
    74/299     8.35G   0.04405   0.02278         0   0.06683       117       640    0.3493    0.9057    0.5509    0.1642    0.0411   0.01381         0
    75/299     8.35G   0.04226   0.02544         0   0.06771        89       640    0.3771    0.9434    0.6054     0.181   0.03869   0.01394         0
    76/299     8.35G   0.04287   0.02859         0   0.07146       124       640    0.3757    0.9434    0.5871    0.1927   0.03819   0.01403         0
    77/299     8.35G   0.04014    0.0244         0   0.06455       162       640    0.3919    0.9623    0.6175    0.2075   0.03658   0.01414         0
    78/299     8.35G   0.04145   0.02431         0   0.06575       117       640    0.4003    0.9434    0.6431    0.1852   0.03606   0.01414         0
    79/299     8.35G   0.05556   0.02572         0   0.08129       119       640    0.3654    0.9434    0.6468    0.1972   0.03751   0.01403         0
    80/299     8.35G   0.03946   0.02404         0    0.0635        62       640    0.3858    0.9623    0.6498    0.2073   0.03652   0.01397         0
    81/299     8.35G   0.04122   0.02407         0   0.06529       157       640    0.3706    0.9811    0.6676    0.2354   0.03715   0.01381         0
    82/299     8.35G   0.03942   0.02383         0   0.06325        96       640    0.3819    0.9623    0.6905    0.2418   0.03661   0.01369         0
    83/299     8.35G   0.04034   0.01966         0      0.06       118       640    0.3364    0.9623     0.663    0.1844      0.04   0.01338         0
    84/299     8.35G   0.04355   0.02669         0   0.07024       196       640    0.3434    0.9434    0.6404    0.1876   0.04039   0.01339         0
    85/299     8.35G   0.04067   0.02681         0   0.06748       163       640    0.4265    0.9434    0.7382    0.2209    0.0351   0.01343         0
    86/299     8.35G   0.03979   0.02198         0   0.06177       183       640    0.3938    0.9811    0.7121    0.2532    0.0373   0.01327         0
    87/299     8.35G    0.0411    0.0254         0   0.06649       154       640    0.4208    0.9811    0.7291     0.238   0.03481   0.01316         0
    88/299     8.35G   0.03988   0.02274         0   0.06261       121       640    0.4388    0.9057    0.6739    0.1917   0.03474     0.013         0
    89/299     8.35G   0.04058   0.02358         0   0.06416       145       640    0.4158    0.9623    0.7137    0.2377   0.03492   0.01296         0
    90/299     8.35G   0.03837   0.02116         0   0.05953       100       640    0.3928    0.9623    0.6811    0.2154   0.03819   0.01281         0
    91/299     8.35G   0.04086     0.027         0   0.06786       133       640    0.3491    0.9434     0.612    0.1928   0.04099   0.01266         0
    92/299     8.35G   0.03978   0.02433         0   0.06411       128       640    0.3788    0.9434    0.6306    0.2114   0.03538   0.01282         0
    93/299     8.35G   0.04015   0.02213         0   0.06228       108       640    0.3493    0.9623    0.6396     0.193   0.04052   0.01268         0
    94/299     8.35G   0.04267    0.0262         0   0.06887       200       640    0.3403    0.9623    0.6454    0.1963   0.04012   0.01289         0
    95/299     8.35G   0.04022   0.02341         0   0.06362       157       640    0.3944    0.9811    0.6919    0.2318   0.03412   0.01302         0
    96/299     8.35G   0.05563   0.02703         0   0.08266       110       640     0.424    0.9811    0.7049    0.2451    0.0335   0.01295         0
    97/299     8.35G    0.0422   0.01977         0   0.06197        89       640    0.3559    0.9623     0.679    0.2221   0.03824   0.01278         0
    98/299     8.35G   0.03952   0.02082         0   0.06034        71       640    0.3864    0.9623    0.6826    0.2245   0.03543   0.01287         0
    99/299     8.35G   0.03856   0.02594         0    0.0645        98       640    0.3538    0.9434    0.6834    0.2027   0.03743   0.01287         0
   100/299     8.35G   0.04316   0.02123         0   0.06439        44       640    0.3359    0.9623    0.6615    0.1807   0.04201   0.01279         0
   101/299     8.35G   0.04186   0.02651         0   0.06836       123       640    0.4018    0.9434    0.6909    0.2217   0.03604   0.01302         0
   102/299     8.35G   0.04415    0.0266         0   0.07075       231       640    0.3496    0.9623    0.6904    0.1911   0.03964   0.01293         0
   103/299     8.35G   0.04088   0.02643         0   0.06731       168       640    0.4121    0.9623    0.6869    0.2261   0.03399   0.01314         0
   104/299     8.35G   0.04163   0.02353         0   0.06517       189       640    0.3569         1    0.6877    0.1901   0.03877   0.01279         0
   105/299     8.35G   0.04119   0.02365         0   0.06484       194       640    0.3997    0.9434    0.6939    0.1893   0.03713   0.01283         0
   106/299     8.35G   0.05442   0.02244         0   0.07685       117       640    0.4248    0.9434    0.6936    0.2236   0.03433   0.01277         0
   107/299     8.35G   0.04232   0.02121         0   0.06353       137       640    0.4246    0.8868    0.6141    0.1861   0.03734    0.0127         0
   108/299     8.35G   0.04015   0.02211         0   0.06226       102       640     0.451    0.9434     0.692     0.211    0.0356   0.01266         0
   109/299     8.35G   0.03867   0.02286         0   0.06153       103       640    0.4098    0.9434     0.658    0.2199   0.03632   0.01247         0
   110/299     8.35G   0.03946   0.02918         0   0.06863       129       640     0.388    0.9434    0.6587     0.201   0.03987   0.01233         0
   111/299     8.35G   0.04034   0.02058         0   0.06092        48       640    0.4106    0.9434    0.6564    0.1985   0.03554   0.01251         0
   112/299     8.35G   0.04175   0.02217         0   0.06392       218       640    0.4155    0.8113    0.5614    0.1377   0.03908   0.01238         0
   113/299     8.35G   0.04114   0.02315         0    0.0643       150       640    0.4437    0.9057    0.6771    0.1675   0.04119   0.01223         0
   114/299     8.35G   0.04199   0.02256         0   0.06456        96       640    0.3959    0.9434    0.6303    0.2072   0.04098   0.01206         0
   115/299     8.35G    0.0385   0.02515         0   0.06365       160       640    0.4398    0.9434    0.7011    0.2333   0.03729    0.0122         0
   116/299     8.35G   0.03729   0.02184         0   0.05913       151       640    0.4465    0.9245    0.6933    0.2288   0.03551    0.0122         0
   117/299     8.35G   0.03737   0.01964         0   0.05701        76       640     0.448    0.9245    0.6844    0.2185    0.0367   0.01206         0
   118/299     8.35G   0.03874    0.0251         0   0.06384       101       640    0.3596    0.9623    0.6833    0.1982   0.03881     0.012         0
   119/299     8.35G   0.04204   0.02297         0   0.06501        91       640    0.3135    0.9623    0.6299    0.1698   0.04264   0.01217         0
   120/299     8.35G   0.04306   0.01808         0   0.06114        91       640    0.3963    0.7925    0.5227     0.116   0.03704   0.01241         0
   121/299     8.35G   0.04379   0.01925         0   0.06304        82       640    0.2882    0.9434    0.5738    0.1125   0.04283   0.01195         0
   122/299     8.35G   0.04358   0.02434         0   0.06792        91       640   0.08884    0.1509    0.2527   0.06016   0.04959   0.01155         0
   123/299     8.35G   0.06316   0.01971         0   0.08287       184       640   0.08884    0.1509    0.2527   0.06016   0.04959   0.01155         0
   124/299     8.35G   0.06057   0.02136         0   0.08193       125       640   0.05972   0.09434    0.2458    0.0649   0.05306   0.01093         0
   125/299     8.35G   0.06031   0.01781         0   0.07812       140       640    0.3047    0.4631    0.2075   0.02538   0.04526   0.01118         0
   126/299     8.35G   0.05532   0.01902         0   0.07434        77       640    0.1609    0.3019    0.1551   0.03124   0.04899   0.01088         0
   127/299     8.35G   0.05003   0.02333         0   0.07336       106       640    0.1609    0.3019    0.1551   0.03124   0.04899   0.01087         0
   128/299     8.35G   0.04731   0.01837         0   0.06569        82       640   0.09674   0.07547   0.06159   0.01073   0.05471   0.01016         0
   129/299     8.35G   0.04998   0.01916         0   0.06914       124       640    0.3126    0.1132    0.1906   0.04067   0.04589   0.01158         0
   130/299     8.35G   0.04436   0.02134         0    0.0657       153       640    0.4627    0.1952    0.3452   0.07594   0.04382   0.01292         0
   131/299     8.35G   0.04793   0.01971         0   0.06764       118       640    0.4627    0.1952    0.3452   0.07594   0.04382   0.01293         0
   132/299     8.35G   0.04494   0.02751         0   0.07246       150       640    0.3749    0.1698    0.3002   0.06638   0.04391   0.01254         0
   133/299     8.35G   0.04443   0.02527         0    0.0697       108       640    0.3343    0.1887    0.4873    0.1538   0.03478   0.01362         0
   134/299     8.35G   0.03904   0.02847         0   0.06751       107       640    0.4629    0.6831    0.4905    0.1152   0.04173   0.01242         0
   135/299     8.35G   0.04304   0.02417         0   0.06722       152       640    0.4629    0.6831    0.4905    0.1152   0.04173   0.01231         0
   136/299     8.35G   0.04134   0.02547         0   0.06681        76       640    0.4213    0.8491    0.4947    0.1175   0.04059   0.01196         0
   137/299     8.35G   0.04211   0.02421         0   0.06633       159       640    0.4734    0.9434    0.6284    0.2238   0.03306   0.01262         0
   138/299     8.35G   0.03908   0.02401         0   0.06309       108       640    0.3656    0.8868    0.6192     0.174   0.03888   0.01205         0
   139/299     8.35G   0.04456   0.02445         0   0.06901       108       640    0.3656    0.8868    0.6192     0.174   0.03888   0.01204         0
   140/299     8.35G    0.0426    0.0212         0    0.0638        75       640    0.4075    0.9604    0.6901    0.2319   0.03764   0.01178         0
   141/299     8.35G   0.04226   0.02013         0   0.06239       106       640    0.4048    0.9623    0.6881    0.2351   0.03536   0.01195         0
   142/299     8.35G   0.04341   0.01928         0   0.06269       152       640    0.3408    0.9623    0.6255    0.1522   0.04474   0.01142         0
   143/299     8.35G   0.04812   0.01891         0   0.06703       132       640    0.3408    0.9623    0.6255    0.1522   0.04474   0.01143         0
   144/299     8.35G   0.04631   0.02013         0   0.06644       139       640    0.3551    0.9623    0.6327    0.1915   0.04336   0.01158         0
   145/299     8.35G   0.04392   0.02024         0   0.06416        90       640    0.3882    0.8868    0.6573    0.1724   0.03482     0.012         0
   146/299     8.35G   0.03913   0.02256         0   0.06169       119       640    0.3321         1    0.6142    0.1426    0.0395   0.01184         0
   147/299     8.35G   0.04022   0.02055         0   0.06077       114       640    0.3321         1    0.6142    0.1426    0.0395   0.01186         0
   148/299     8.35G   0.03872   0.02178         0    0.0605       102       640    0.3467    0.9811    0.6133    0.1982   0.03598   0.01193         0
   149/299     8.35G   0.03807   0.01996         0   0.05803       109       640    0.4104    0.8679    0.6676    0.1723   0.03333   0.01201         0
   150/299     8.35G   0.04239   0.02187         0   0.06426       188       640    0.3209    0.9811     0.609    0.1313     0.041   0.01155         0
   151/299     8.35G   0.04496   0.02086         0   0.06582       159       640    0.3209    0.9811     0.609    0.1313     0.041   0.01155         0
   152/299     8.35G   0.04269   0.01901         0    0.0617       149       640    0.3393    0.9811    0.6261     0.179   0.03551   0.01163         0
   153/299     8.35G   0.04159   0.02495         0   0.06655       179       640    0.4212    0.9475    0.7159    0.2252   0.03225   0.01162         0
   154/299     8.35G   0.04137   0.02442         0   0.06579       136       640    0.3329    0.9811    0.6069    0.1825   0.04106    0.0114         0
   155/299     8.35G   0.04401   0.02594         0   0.06995       184       640    0.3329    0.9811    0.6069    0.1825   0.04106    0.0114         0
   156/299     8.35G   0.04137   0.01813         0    0.0595        65       640    0.3553    0.9671    0.6096    0.2042   0.04062   0.01128         0
   157/299     8.35G   0.04169    0.0232         0   0.06489        80       640    0.4647    0.9623    0.7199    0.2184   0.03462   0.01133         0
   158/299     8.35G   0.04218   0.02591         0   0.06809       228       640    0.3994    0.9811    0.7168    0.2611   0.03645   0.01099         0
   159/299     8.35G   0.04033   0.02384         0   0.06417       108       640    0.3994    0.9811    0.7168    0.2611   0.03645     0.011         0
   160/299     8.35G   0.03815   0.02215         0   0.06031       113       640    0.4168    0.9811    0.7196     0.254   0.03651    0.0109         0
   161/299     8.35G   0.03842   0.02136         0   0.05978       129       640    0.4259    0.9811    0.7237    0.2712   0.03407   0.01099         0
   162/299     8.35G   0.03888   0.02241         0   0.06129       120       640    0.4248    0.9811    0.7225    0.2786   0.03464   0.01101         0
   163/299     8.35G   0.03675   0.02076         0   0.05751       120       640    0.4248    0.9811    0.7225    0.2786   0.03464   0.01101         0
   164/299     8.35G   0.03996   0.02105         0   0.06101       126       640    0.4084    0.9623    0.7369     0.284   0.03554    0.0109         0
   165/299     8.35G   0.03906   0.02131         0   0.06037       119       640    0.4147    0.9811    0.7519    0.2878   0.03258   0.01104         0
   166/299     8.35G   0.04024   0.02006         0    0.0603       111       640    0.3619         1    0.6976    0.2476   0.04148    0.0107         0
   167/299     8.35G   0.04421   0.02114         0   0.06535       198       640    0.3619         1    0.6976    0.2476   0.04148    0.0107         0
   168/299     8.35G   0.04224   0.01548         0   0.05772        62       640    0.4307    0.9811    0.7373    0.2497   0.03493   0.01088         0
   169/299     8.35G   0.03771   0.01649         0    0.0542       124       640    0.4307    0.9811    0.7373    0.2497   0.03493   0.01088         0
   170/299     8.35G   0.03947   0.01967         0   0.05914       131       640    0.4369    0.9434    0.7364    0.2494   0.03247   0.01102         0
   171/299     8.35G   0.03579   0.01988         0   0.05566        67       640    0.3769         1     0.728    0.2123   0.04006   0.01073         0
   172/299     8.35G   0.03881   0.02389         0   0.06271        61       640    0.3769         1     0.728    0.2123   0.04006   0.01071         0
   173/299     8.35G   0.05284   0.02322         0   0.07606        80       640    0.3926    0.9811    0.7427    0.2797   0.03285   0.01094         0
   174/299     8.35G   0.03735   0.02446         0   0.06181       175       640    0.3926    0.9811    0.7427    0.2797   0.03285   0.01093         0
   175/299     8.35G   0.03981   0.02024         0   0.06005       141       640    0.3821    0.9811    0.7453    0.2631   0.03286    0.0109         0
   176/299     8.35G   0.03752    0.0153         0   0.05282        53       640    0.3394    0.9623    0.7106    0.2354   0.04375   0.01042         0
   177/299     8.35G   0.04599   0.01829         0   0.06428       177       640    0.3394    0.9623    0.7106    0.2354   0.04375   0.01042         0
   178/299     8.35G   0.04425    0.0185         0   0.06275       154       640       0.4    0.9623    0.7305    0.2593   0.03929   0.01053         0
   179/299     8.35G   0.04168   0.02172         0    0.0634       156       640       0.4    0.9623    0.7305    0.2593   0.03929   0.01053         0
   180/299     8.35G   0.03718   0.02279         0   0.05997       118       640    0.4196    0.9434    0.7481    0.2524   0.03556   0.01067         0
   181/299     8.35G   0.03989   0.02268         0   0.06257       150       640    0.4454    0.9623    0.7277    0.2558   0.03148   0.01076         0
   182/299     8.35G   0.03709   0.01849         0   0.05558       121       640    0.4454    0.9623    0.7277    0.2558   0.03148   0.01076         0
   183/299     8.35G   0.03726   0.02003         0   0.05729        94       640    0.4145    0.9623    0.7308    0.2463   0.03278   0.01068         0
   184/299     8.35G   0.03574   0.02009         0   0.05583       106       640    0.4145    0.9623    0.7308    0.2463   0.03278   0.01068         0
   185/299     8.35G   0.03801   0.02501         0   0.06303       170       640    0.4321    0.9623    0.7386    0.2758    0.0316   0.01073         0
   186/299     8.35G   0.03752   0.01618         0    0.0537       154       640    0.3832         1    0.7177     0.161   0.03485   0.01052         0
   187/299     8.35G    0.0394   0.01933         0   0.05873       100       640    0.3832         1    0.7177     0.161   0.03485   0.01052         0
   188/299     8.35G   0.04123   0.01949         0   0.06072       147       640     0.445    0.9811    0.7586    0.2736   0.03395   0.01053         0
   189/299     8.35G   0.03744   0.02198         0   0.05942       164       640     0.445    0.9811    0.7586    0.2736   0.03395   0.01053         0
   190/299     8.35G   0.03684   0.02298         0   0.05982       151       640    0.4651    0.9811    0.7532    0.3009   0.03191   0.01052         0
   191/299     8.35G   0.03517   0.01978         0   0.05495       168       640     0.392         1    0.7478    0.2348   0.03326   0.01041         0
   192/299     8.35G   0.03838   0.01686         0   0.05524       138       640     0.392         1    0.7478    0.2348   0.03326   0.01041         0
   193/299     8.35G   0.03455   0.01656         0   0.05111        90       640    0.4452    0.9811    0.7641    0.3141   0.03208   0.01042         0
   194/299     8.35G   0.03655   0.02022         0   0.05677       102       640    0.4452    0.9811    0.7641    0.3141   0.03208   0.01042         0
   195/299     8.35G   0.03446   0.01808         0   0.05254        83       640    0.4326         1     0.772    0.3199   0.03517   0.01032         0
   196/299     8.35G   0.03418   0.02259         0   0.05677       147       640    0.4001         1    0.7594    0.2883   0.03389   0.01041         0
   197/299     8.35G   0.03761   0.01801         0   0.05562       142       640    0.4001         1    0.7594    0.2883   0.03389    0.0104         0
   198/299     8.35G    0.0355   0.01799         0   0.05349       103       640    0.4022         1    0.7703    0.2882    0.0347   0.01048         0
   199/299     8.35G   0.03607   0.01597         0   0.05205       101       640    0.4022         1    0.7703    0.2882    0.0347   0.01048         0
   200/299     8.35G   0.03449   0.01849         0   0.05299        97       640    0.4092         1    0.7793    0.3076   0.03367   0.01059         0
   201/299     8.35G   0.03525   0.02279         0   0.05804       123       640    0.3741         1    0.6802    0.1969   0.03927   0.01054         0
   202/299     8.35G   0.03998   0.02079         0   0.06077        99       640    0.3741         1    0.6802    0.1969   0.03927   0.01054         0
   203/299     8.35G   0.03954   0.01866         0    0.0582       126       640    0.3701         1    0.7394    0.2566   0.03954   0.01064         0
   204/299     8.35G   0.03668   0.02241         0   0.05909        93       640    0.3701         1    0.7394    0.2566   0.03954   0.01064         0
   205/299     8.35G   0.03551   0.01516         0   0.05067       106       640    0.4194         1    0.7829    0.3007   0.03437   0.01073         0
   206/299     8.35G   0.03756   0.02158         0   0.05914       171       640    0.3767    0.9811    0.7318     0.214   0.03918   0.01057         0
   207/299     8.35G   0.03992   0.01823         0   0.05815       235       640    0.3767    0.9811    0.7318     0.214   0.03918   0.01054         0
   208/299     8.35G    0.0385   0.02101         0   0.05951       169       640    0.4198         1    0.7419    0.3186   0.03079   0.01067         0
   209/299     8.35G   0.05034   0.02045         0   0.07079        97       640    0.4198         1    0.7419    0.3186   0.03079   0.01068         0
   210/299     8.35G   0.03818   0.02043         0   0.05862       157       640    0.4383         1    0.7621    0.3252   0.03027   0.01067         0
   211/299     8.35G   0.03532   0.01617         0   0.05149       148       640    0.3861    0.9811    0.7502    0.2717   0.03727   0.01048         0
   212/299     8.35G   0.04214   0.01703         0   0.05917       107       640    0.3861    0.9811    0.7502    0.2717   0.03727   0.01048         0
   213/299     8.35G   0.03799   0.02065         0   0.05863       128       640    0.4493         1    0.7551    0.3079   0.03243   0.01072         0
   214/299     8.35G   0.03778    0.0217         0   0.05948       119       640    0.4493         1    0.7551    0.3079   0.03243   0.01071         0
   215/299     8.35G   0.03549   0.01838         0   0.05387       196       640    0.4493         1    0.7551    0.3079   0.03243   0.01069         0
   216/299     8.35G   0.03408   0.01731         0   0.05139       176       640    0.4478         1    0.7536    0.3025   0.03203   0.01073         0
   217/299     8.35G    0.0501   0.02095         0   0.07105       122       640    0.4478         1    0.7536    0.3025   0.03203   0.01071         0
   218/299     8.35G   0.03358   0.02144         0   0.05502       112       640    0.4562         1    0.7738    0.3011    0.0315   0.01072         0
   219/299     8.35G   0.03609   0.01849         0   0.05458       104       640    0.4562         1    0.7738    0.3011    0.0315   0.01074         0
   220/299     8.35G   0.03528   0.01477         0   0.05005        84       640    0.4864         1    0.7979    0.3083   0.03142   0.01075         0
   221/299     8.35G   0.03493   0.02186         0    0.0568       128       640    0.4864         1    0.7979    0.3083   0.03142   0.01074         0
   222/299     8.35G   0.03472   0.02096         0   0.05568       142       640    0.4802         1    0.7852     0.325   0.03222   0.01066         0
   223/299     8.35G    0.0348   0.02236         0   0.05716       117       640    0.4802         1    0.7852     0.325   0.03222   0.01066         0
   224/299     8.35G   0.03211   0.01916         0   0.05127        56       640    0.4755    0.9811    0.7831    0.3274   0.03175    0.0106         0
   225/299     8.35G   0.03605   0.01586         0   0.05191        94       640    0.4755    0.9811    0.7831    0.3274   0.03175   0.01061         0
   226/299     8.35G   0.03453   0.01578         0    0.0503       132       640    0.4671         1    0.7864    0.3333   0.03216   0.01054         0
   227/299     8.35G   0.03296   0.01734         0    0.0503        55       640    0.4671         1    0.7864    0.3333   0.03216   0.01054         0
   228/299     8.35G   0.04649   0.02166         0   0.06814       101       640    0.4688         1    0.7669    0.3314   0.03282   0.01045         0
   229/299     8.35G   0.03348   0.01694         0   0.05042        78       640    0.4688         1    0.7669    0.3314   0.03282   0.01046         0
   230/299     8.35G   0.03721   0.02109         0   0.05829       177       640    0.4533         1    0.7724    0.3345   0.03294   0.01042         0
   231/299     8.35G   0.03565   0.01979         0   0.05544       141       640    0.4533         1    0.7724    0.3345   0.03294   0.01042         0
   232/299     8.35G   0.03618   0.02134         0   0.05752       135       640    0.4177         1    0.7499    0.3079   0.03405   0.01044         0
   233/299     8.35G   0.03735   0.02023         0   0.05758        80       640    0.4177         1    0.7499    0.3079   0.03405   0.01042         0
   234/299     8.35G   0.04699   0.01956         0   0.06655       145       640    0.4345         1    0.7819    0.3278   0.03186   0.01052         0
   235/299     8.35G   0.03635   0.01939         0   0.05574       145       640    0.4345         1    0.7819    0.3278   0.03186   0.01053         0
   236/299     8.35G   0.03295   0.02082         0   0.05377        66       640    0.4572         1    0.8221    0.3381   0.02964   0.01062         0
   237/299     8.35G   0.03447   0.02107         0   0.05554       145       640    0.4572         1    0.8221    0.3381   0.02964   0.01064         0
   238/299     8.35G   0.03467   0.02064         0   0.05531       155       640    0.4804         1    0.8361    0.3386   0.02957   0.01066         0
   239/299     8.35G   0.03448   0.01901         0   0.05349        93       640    0.4804         1    0.8361    0.3386   0.02957   0.01066         0
   240/299     8.35G   0.03495   0.01912         0   0.05407       114       640    0.4671         1     0.815    0.3432   0.03049   0.01062         0
   241/299     8.35G   0.03582   0.01826         0   0.05408       145       640    0.4671         1     0.815    0.3432   0.03049   0.01062         0
   242/299     8.35G    0.0337   0.01963         0   0.05333       116       640    0.4436         1    0.8246    0.3426   0.03165   0.01048         0
   243/299     8.35G   0.03368   0.02072         0    0.0544       111       640    0.4436         1    0.8246    0.3426   0.03165   0.01049         0
   244/299     8.35G   0.03346   0.02148         0   0.05493       148       640    0.4216         1    0.8056    0.3061   0.03387    0.0103         0
   245/299     8.35G   0.03317   0.01897         0   0.05214       109       640    0.4216         1    0.8056    0.3061   0.03387    0.0103         0
   246/299     8.35G   0.03447   0.02076         0   0.05523       110       640    0.4114         1    0.7756    0.2913   0.03475   0.01022         0
   247/299     8.35G   0.03569   0.01836         0   0.05405       106       640    0.4114         1    0.7756    0.2913   0.03475   0.01022         0
   248/299     8.35G   0.03318   0.02371         0   0.05689       115       640    0.4356         1    0.7867    0.3245   0.03131   0.01025         0
   249/299     8.35G    0.0317    0.0165         0    0.0482        99       640    0.4356         1    0.7867    0.3245   0.03131   0.01026         0
   250/299     8.35G   0.05151   0.01658         0   0.06808       128       640    0.4596         1    0.8274    0.3593   0.03038    0.0102         0
   251/299     8.35G   0.05148   0.01845         0   0.06993       150       640    0.4596         1    0.8274    0.3593   0.03038   0.01019         0
   252/299     8.35G   0.03693    0.0243         0   0.06123       199       640    0.4825         1     0.822    0.3566   0.03048   0.01019         0
   253/299     8.35G   0.03299    0.0198         0   0.05279        79       640    0.4825         1     0.822    0.3566   0.03048    0.0102         0
   254/299     8.35G   0.03347   0.01782         0   0.05129       106       640    0.4537         1    0.8147    0.3442   0.03229   0.01014         0
   255/299     8.35G   0.03675   0.02071         0   0.05746       165       640    0.4537         1    0.8147    0.3442   0.03229   0.01013         0
   256/299     8.35G   0.03409   0.01734         0   0.05143        88       640    0.4066    0.9811    0.7706    0.2671   0.03627   0.01004         0
   257/299     8.35G   0.03759   0.02284         0   0.06043       191       640    0.4066    0.9811    0.7706    0.2671   0.03627   0.01005         0
   258/299     8.35G   0.03537   0.01914         0   0.05451        52       640     0.414    0.9811    0.7732    0.2914   0.03633   0.00996         0
   259/299     8.35G    0.0344   0.01839         0   0.05279       110       640     0.414    0.9811    0.7732    0.2914   0.03633   0.00998         0
   260/299     8.35G   0.03472   0.01862         0   0.05334        96       640    0.4402         1     0.783    0.3336   0.03441   0.01002         0
   261/299     8.35G    0.0369   0.02071         0   0.05761       183       640    0.4402         1     0.783    0.3336   0.03441   0.01002         0
   262/299     8.35G    0.0343   0.01966         0   0.05395       115       640    0.4402         1     0.783    0.3336   0.03441   0.01003         0
   263/299     8.35G    0.0314   0.01714         0   0.04854        82       640    0.4841         1    0.8111    0.3578   0.03142   0.01007         0
   264/299     8.35G   0.03468   0.01643         0    0.0511       115       640    0.4841         1    0.8111    0.3578   0.03142   0.01007         0
   265/299     8.35G    0.0335   0.02028         0   0.05378       144       640    0.4841         1    0.8111    0.3578   0.03142   0.01005         0
   266/299     8.35G   0.03842   0.01504         0   0.05346       137       640    0.4879         1    0.8176    0.3538   0.03132   0.01007         0
   267/299     8.35G   0.03264   0.01699         0   0.04963        83       640    0.4879         1    0.8176    0.3538   0.03132   0.01007         0
   268/299     8.35G    0.0335   0.01634         0   0.04983        93       640    0.4597         1    0.7935    0.3381   0.03305   0.01004         0
   269/299     8.35G   0.03439   0.01656         0   0.05095        74       640    0.4597         1    0.7935    0.3381   0.03305   0.01005         0
   270/299     8.35G   0.03527   0.01741         0   0.05267       152       640    0.4587         1    0.7733     0.356   0.03464   0.01003         0
   271/299     8.35G    0.0342   0.01824         0   0.05244       155       640    0.4587         1    0.7733     0.356   0.03464   0.01003         0
   272/299     8.35G   0.03507   0.02418         0   0.05925       120       640    0.4587         1    0.7733     0.356   0.03464   0.01003         0
   273/299     8.35G   0.03518   0.01624         0   0.05141        82       640    0.4824         1    0.8014    0.3527    0.0344   0.01003         0
   274/299     8.35G    0.0367   0.02224         0   0.05894       182       640    0.4824         1    0.8014    0.3527    0.0344   0.01003         0
   275/299     8.35G   0.03505   0.02028         0   0.05533       179       640     0.463    0.9811    0.7814    0.3427   0.03599   0.01002         0
   276/299     8.35G   0.03334   0.01504         0   0.04838       103       640     0.463    0.9811    0.7814    0.3427   0.03599   0.01003         0
   277/299     8.35G   0.03399   0.02117         0   0.05516       132       640    0.4767         1    0.8136    0.3491   0.03099    0.0102         0
   278/299     8.35G   0.03354   0.01624         0   0.04978        83       640    0.4767         1    0.8136    0.3491   0.03099    0.0102         0
   279/299     8.35G   0.03616   0.02262         0   0.05877       129       640    0.4767         1    0.8136    0.3491   0.03099    0.0102         0
   280/299     8.35G   0.03935   0.02114         0   0.06049       160       640    0.4732    0.9811    0.8109    0.3364   0.03119   0.01018         0
   281/299     8.35G    0.0316   0.01877         0   0.05037       137       640    0.4732    0.9811    0.8109    0.3364   0.03119   0.01019         0
   282/299     8.35G    0.0361   0.01991         0     0.056       129       640    0.4311    0.9811    0.7917    0.3246   0.03471   0.01011         0
   283/299     8.35G    0.0326   0.01845         0   0.05105        93       640    0.4311    0.9811    0.7917    0.3246   0.03471   0.01011         0
   284/299     8.35G   0.03446   0.01856         0   0.05303        98       640    0.4388         1    0.7873    0.3382   0.03395   0.01016         0
   285/299     8.35G   0.03629   0.02108         0   0.05737       193       640    0.4388         1    0.7873    0.3382   0.03395   0.01016         0
   286/299     8.35G   0.03604   0.01876         0   0.05479        95       640    0.4388         1    0.7873    0.3382   0.03395   0.01015         0
   287/299     8.35G   0.03274   0.01758         0   0.05032        85       640     0.449         1    0.7894     0.339   0.03419   0.01012         0
   288/299     8.35G   0.03457   0.01943         0     0.054       118       640     0.449         1    0.7894     0.339   0.03419   0.01012         0
   289/299     8.35G   0.03352   0.02106         0   0.05458       125       640    0.4764         1     0.785    0.3535   0.03249   0.01017         0
   290/299     8.35G   0.03389   0.02277         0   0.05666       145       640    0.4764         1     0.785    0.3535   0.03249   0.01017         0
   291/299     8.35G   0.03504   0.01679         0   0.05183       119       640    0.4653         1    0.7813    0.3537   0.03454   0.01013         0
   292/299     8.35G   0.03603   0.02004         0   0.05607        93       640    0.4653         1    0.7813    0.3537   0.03454   0.01013         0
   293/299     8.35G    0.0363   0.01986         0   0.05616       116       640    0.4653         1    0.7813    0.3537   0.03454   0.01013         0
   294/299     8.35G   0.03465   0.01672         0   0.05137       143       640    0.4612         1       0.8     0.346   0.03346   0.01016         0
   295/299     8.35G   0.03069   0.01826         0   0.04895       122       640    0.4612         1       0.8     0.346   0.03346   0.01016         0
   296/299     8.35G    0.0335   0.01673         0   0.05022        96       640    0.4849         1    0.7982    0.3583   0.03058   0.01027         0
   297/299     8.35G   0.03481   0.02042         0   0.05523       133       640    0.4849         1    0.7982    0.3583   0.03058   0.01028         0
   298/299     8.35G   0.03666   0.01851         0   0.05518       145       640    0.4713         1    0.7819    0.3277   0.03326   0.01019         0
   299/299     8.35G    0.0325   0.01861         0   0.05111       118       640    0.4713         1    0.7819    0.3277   0.03326    0.0102         0
