     0/499     5.48G     0.138   0.02964         0    0.1677         6       640 0.0004994   0.01639 1.138e-05 1.138e-06    0.1342     0.045         0
     1/499     5.48G    0.1388   0.02925         0    0.1681        10       640 0.0004762   0.01639 1.034e-05 1.034e-06    0.1341   0.04461         0
     2/499     5.48G    0.1384   0.02755         0    0.1659         9       640 0.0005424   0.01639 1.133e-05 1.133e-06     0.134   0.04461         0
     3/499     5.48G     0.138   0.02809         0     0.166         9       640  0.000495   0.01639 1.071e-05 1.071e-06     0.134   0.04438         0
     4/499     5.48G    0.1404   0.02518         0    0.1656         8       640 0.0009772   0.03279 3.738e-05 4.786e-06    0.1339   0.04427         0
     5/499     5.48G    0.1377   0.02672         0    0.1644        21       640 0.0009836   0.03279 4.207e-05 4.207e-06    0.1338   0.04382         0
     6/499     5.48G     0.135   0.02531         0    0.1603         2       640 0.0009524   0.03279 3.713e-05 3.713e-06    0.1335    0.0435         0
     7/499     5.48G    0.1367   0.02821         0     0.165        14       640 0.0005498   0.01639 1.243e-05 3.729e-06    0.1329   0.04403         0
     8/499     5.48G    0.1356   0.02744         0     0.163         9       640 0.0004762   0.01639 1.058e-05 2.116e-06    0.1324   0.04422         0
     9/499     5.48G    0.1352   0.02863         0    0.1639        13       640         0         0         0         0    0.1317   0.04476         0
    10/499     5.48G    0.1332   0.02454         0    0.1577         3       640         0         0         0         0    0.1312   0.04499         0
    11/499     5.48G    0.1319   0.02649         0    0.1584         4       640  0.001281   0.03279 5.397e-05 1.079e-05    0.1313   0.04441         0
    12/499     5.48G    0.1345   0.02504         0    0.1595        13       640  0.001144   0.03279 4.761e-05 4.761e-06    0.1309   0.04469         0
    13/499     5.48G    0.1352   0.02705         0    0.1623         6       640         0         0         0         0    0.1303   0.04498         0
    14/499     5.48G     0.133   0.02735         0    0.1604        10       640  0.001853   0.01639 3.335e-05 3.335e-06    0.1297   0.04574         0
    15/499     5.48G    0.1354   0.02928         0    0.1647        16       640         0         0         0         0     0.129   0.04636         0
    16/499     5.48G    0.1301   0.02962         0    0.1597        13       640 0.0004762   0.01639  1.03e-05  2.06e-06    0.1285   0.04612         0
    17/499     5.48G    0.1335   0.02318         0    0.1567         5       640 0.0009573   0.03279 4.047e-05  6.95e-06    0.1281   0.04673         0
    18/499     5.48G    0.1345   0.02317         0    0.1577        14       640  0.001336   0.01639 2.652e-05 7.956e-06    0.1281   0.04667         0
    19/499     5.48G    0.1311   0.03002         0    0.1611        13       640  0.001026   0.01639 2.435e-05  4.87e-06    0.1272   0.04784         0
    20/499     5.48G     0.128   0.02643         0    0.1544        11       640 0.0009524   0.03279  3.75e-05 4.801e-06     0.126   0.04915         0
    21/499     5.48G    0.1331   0.02961         0    0.1627        19       640  0.007184   0.01639 0.0001432 2.865e-05    0.1245   0.05044         0
    22/499     5.48G    0.1273    0.0245         0    0.1518         5       640  0.002123   0.01639 8.844e-05 1.046e-05    0.1238   0.05131         0
    23/499     5.48G    0.1298   0.02854         0    0.1583        13       640 0.0008248   0.01639 2.208e-05 4.416e-06    0.1229   0.05253         0
    24/499     5.48G    0.1325   0.02535         0    0.1579        14       640  0.003496   0.03279 0.0002925 4.435e-05    0.1221   0.05335         0
    25/499     5.48G    0.1275   0.02935         0    0.1568        16       640  0.005139   0.06557 0.0004237 7.179e-05    0.1222   0.05272         0
    26/499     5.48G    0.1237   0.02839         0    0.1521         8       640   0.02416   0.01639 0.0005985 7.884e-05    0.1213   0.05413         0
    27/499     5.48G    0.1244   0.03308         0    0.1575        14       640   0.03469   0.01639  0.001189 0.0001189    0.1209   0.05459         0
    28/499     5.48G    0.1272   0.03182         0     0.159        21       640   0.02591   0.01639 0.0005344 5.344e-05    0.1202   0.05515         0
    29/499     5.48G     0.124   0.02642         0    0.1505        10       640   0.01308   0.01639 0.0006708 7.606e-05    0.1186   0.05676         0
    30/499     5.48G    0.1207   0.02844         0    0.1491        13       640  0.003151   0.09836 0.0003897 6.524e-05    0.1179   0.05776         0
    31/499     5.48G     0.118   0.03941         0    0.1574        16       640     0.124   0.01639  0.003797  0.001318    0.1187   0.05574         0
    32/499     5.48G    0.1179   0.02877         0    0.1467        11       640   0.01002   0.03279  0.000479  4.79e-05    0.1185   0.05581         0
    33/499     5.48G    0.1158   0.03067         0    0.1465         9       640  0.004766   0.03279 0.0002949 4.851e-05    0.1192   0.05431         0
    34/499     5.48G    0.1203   0.03446         0    0.1547        13       640   0.01302   0.06557  0.001639 0.0002466    0.1176   0.05664         0
    35/499     5.48G    0.1196   0.02388         0    0.1435         9       640   0.01145    0.1148  0.002672 0.0004141    0.1166   0.05772         0
    36/499     5.48G    0.1175   0.04101         0    0.1585        18       640   0.02072    0.1311  0.005249 0.0008647    0.1152   0.05888         0
    37/499     5.48G    0.1123   0.03089         0    0.1432         2       640   0.02059   0.09836  0.003931 0.0005134     0.115   0.05868         0
    38/499     5.48G    0.1107   0.03896         0    0.1497        13       640   0.03944    0.1475   0.01039  0.001282    0.1135   0.05997         0
    39/499     5.48G    0.1066   0.03452         0    0.1412        11       640   0.02288   0.08197  0.004303 0.0007507    0.1161   0.05596         0
    40/499     5.48G    0.1146   0.03107         0    0.1457        13       640    0.0734    0.2131   0.03198  0.004929    0.1102   0.06319         0
    41/499     5.48G    0.1103   0.04063         0    0.1509        10       640   0.03837    0.3115   0.01905  0.002671     0.114   0.05693         0
    42/499     5.48G    0.1065   0.04026         0    0.1467        10       640   0.07955    0.2787   0.05531  0.009227    0.1099   0.06064         0
    43/499     5.48G    0.1029   0.03988         0    0.1428        11       640    0.3254    0.1148   0.09274   0.01115    0.1094   0.06122         0
    44/499     5.48G    0.1061   0.04478         0    0.1509        20       640    0.2112    0.2131    0.1405   0.01949     0.105   0.06497         0
    45/499     5.48G    0.1018   0.03144         0    0.1332         8       640    0.1673    0.2951    0.1167   0.01738    0.1055   0.06248         0
    46/499     5.48G    0.1043   0.03236         0    0.1367         6       640    0.2375    0.2951    0.1521   0.02263    0.1033   0.06478         0
    47/499     5.48G    0.1016   0.03931         0    0.1409        21       640    0.2048    0.2459    0.1273   0.01846    0.1045   0.06246         0
    48/499     5.48G     0.102   0.03679         0    0.1388         9       640    0.1543    0.2787    0.1132   0.01564    0.1086   0.05742         0
    49/499     5.48G   0.09713   0.03126         0    0.1284         3       640    0.1778    0.4262    0.1286   0.02013   0.09876   0.06717         0
    50/499     5.48G    0.1013   0.03363         0    0.1349         6       640    0.1079    0.2623   0.07435   0.01343     0.114   0.04947         0
    51/499     5.48G    0.1045   0.03636         0    0.1409        26       640    0.1845    0.2459    0.1106   0.02086   0.09746    0.0673         0
    52/499     5.48G   0.09551    0.0416         0    0.1371        13       640    0.2594    0.2585    0.1588   0.02319   0.09782   0.06546         0
    53/499     5.48G     0.105   0.03049         0    0.1355        12       640    0.2159    0.3934    0.1506   0.02477   0.09669   0.06497         0
    54/499     5.48G   0.09876   0.03446         0    0.1332        12       640     0.191    0.1803   0.09113   0.02024   0.09687   0.06543         0
    55/499     5.48G    0.1009   0.03626         0    0.1371        12       640    0.1867    0.2623    0.1036   0.01637    0.1025   0.05832         0
    56/499     5.48G    0.1001    0.0333         0    0.1334        17       640   0.06026     0.377   0.06434  0.009547    0.1036   0.05907         0
    57/499     5.48G    0.1032   0.02978         0     0.133        11       640    0.1803   0.09836     0.068   0.01357    0.1012   0.06086         0
    58/499     5.48G    0.1018   0.03845         0    0.1403        15       640   0.07943    0.1148   0.03735  0.005166    0.1059   0.05716         0
    59/499     5.48G    0.1033   0.03523         0    0.1385        20       640   0.09926    0.1475   0.06224   0.01123   0.09982   0.06315         0
    60/499     5.48G   0.09748   0.03264         0    0.1301         9       640     0.118    0.1475   0.06532   0.00964    0.1001   0.06296         0
    61/499     5.48G   0.09744   0.03279         0    0.1302        10       640   0.09891    0.2787   0.07478   0.01868    0.1007   0.06165         0
    62/499     5.48G    0.1006   0.03137         0     0.132        10       640    0.1133    0.2459   0.06703  0.008848    0.1018   0.06101         0
    63/499     5.48G   0.09349   0.03324         0    0.1267         7       640   0.09381    0.4098   0.06645   0.00789   0.09987   0.06321         0
    64/499     5.48G   0.09571   0.03928         0     0.135        17       640   0.06539    0.4098   0.05117  0.007324    0.1061   0.05556         0
    65/499     5.48G   0.09564   0.03456         0    0.1302        17       640    0.1901    0.1311   0.07668   0.01559    0.1007   0.06244         0
    66/499     5.48G   0.09274   0.03228         0     0.125        20       640    0.1505    0.1475   0.07812   0.01724   0.09927   0.06465         0
    67/499     5.48G   0.09264   0.03561         0    0.1282        19       640    0.0608    0.4585   0.04579  0.006914    0.1049   0.05765         0
    68/499     5.48G     0.105   0.03164         0    0.1367         8       640     0.113    0.1967   0.08138    0.0182    0.1055   0.05688         0
    69/499     5.48G    0.1008   0.03565         0    0.1364        19       640    0.1024     0.377    0.0937   0.01858    0.1015   0.06065         0
    70/499     5.48G     0.101   0.03346         0    0.1345        13       640    0.1569    0.1803   0.07552  0.008949    0.1053   0.05926         0
    71/499     5.48G    0.1044   0.02541         0    0.1298        10       640    0.1177    0.2459   0.07353  0.009197   0.09972   0.06345         0
    72/499     5.48G   0.09119   0.03333         0    0.1245        14       640    0.1264    0.3279    0.0807   0.01868   0.09664   0.06618         0
    73/499     5.48G   0.09809   0.03704         0    0.1351         8       640   0.08445    0.2295   0.05057  0.007041    0.1084   0.05516         0
    74/499     5.48G    0.1048    0.0293         0    0.1342        18       640     0.154    0.2459   0.09898   0.01701   0.09439   0.06788         0
    75/499     5.48G   0.08742   0.03999         0    0.1274        14       640    0.1765    0.2623    0.1121   0.01709    0.0958   0.06828         0
    76/499     5.48G   0.09734   0.02784         0    0.1252        11       640   0.03597    0.2131   0.02059  0.002887    0.1207    0.0438         0
    77/499     5.48G    0.1074   0.03201         0    0.1394        15       640    0.1585    0.1792   0.06434   0.01284    0.1069   0.06145         0
    78/499     5.48G   0.09828   0.03551         0    0.1338        13       640    0.1924    0.1967   0.09592   0.01643   0.09762   0.06835         0
    79/499     5.48G   0.09068   0.02611         0    0.1168         6       640    0.2417    0.1967   0.09242   0.01562   0.09573   0.06975         0
    80/499     5.48G   0.08865   0.03578         0    0.1244        11       640    0.1696    0.2787   0.09861   0.01612   0.09388   0.07204         0
    81/499     5.48G     0.087   0.03529         0    0.1223        12       640    0.1401    0.2623    0.1055    0.0181    0.1022   0.06006         0
    82/499     5.48G   0.09589   0.02665         0    0.1225        15       640    0.1007    0.3607   0.06592  0.008996    0.1046   0.05939         0
    83/499     5.48G    0.1118   0.02312         0    0.1349         9       640    0.1236     0.326   0.07766   0.01041    0.1014   0.06466         0
    84/499     5.48G    0.0999   0.03085         0    0.1308        11       640    0.1207    0.1475   0.05668  0.007825   0.09847   0.06792         0
    85/499     5.48G   0.09752   0.02954         0    0.1271        18       640   0.09756    0.2907   0.06697   0.01106    0.1004   0.06423         0
    86/499     5.48G   0.09852   0.03604         0    0.1346        16       640    0.1299    0.3115   0.08783   0.01742    0.1008   0.06661         0
    87/499     5.48G   0.08344   0.04024         0    0.1237         8       640    0.2438    0.3279     0.139   0.01748   0.09161   0.07515         0
    88/499     5.48G    0.0967   0.02985         0    0.1265        18       640    0.1211    0.4098    0.1026   0.01761    0.1044   0.06072         0
    89/499     5.48G    0.1037   0.03059         0    0.1343         6       640    0.1463    0.3115    0.1064   0.01864   0.09641   0.06685         0
    90/499     5.48G   0.09677   0.02899         0    0.1258        15       640    0.1968    0.2951    0.1356   0.02545   0.09628   0.06454         0
    91/499     5.48G   0.08662   0.02894         0    0.1156         9       640    0.1662    0.3115    0.1177   0.02342   0.09482   0.06552         0
    92/499     5.48G   0.08863   0.03291         0    0.1215        20       640      0.16    0.3559    0.1281   0.02422    0.0922   0.06926         0
    93/499     5.48G   0.08496     0.031         0     0.116        13       640    0.1429     0.377    0.1152   0.02612   0.09028   0.07351         0
    94/499     5.48G   0.08643   0.03084         0    0.1173        17       640    0.1881    0.3279    0.1246   0.02013   0.09198   0.07515         0
    95/499     5.48G   0.08617   0.03326         0    0.1194        13       640    0.1718    0.3443    0.1187   0.02143    0.0904   0.07762         0
    96/499     5.48G   0.08091   0.03412         0     0.115        14       640    0.1495    0.3443    0.1228   0.03178   0.09059   0.08003         0
    97/499     5.48G   0.08587   0.03897         0    0.1248        23       640    0.1866    0.3272    0.1324   0.03179   0.09173   0.08098         0
    98/499     5.48G   0.07621   0.02915         0    0.1054        13       640    0.2021    0.2459     0.107   0.02338   0.09541   0.07855         0
    99/499     5.48G   0.07734   0.03852         0    0.1159        13       640    0.1745    0.3115    0.1061   0.02196   0.09439   0.08031         0
   100/499     5.48G    0.0897   0.03083         0    0.1205         5       640    0.1598    0.4098    0.1196   0.03289   0.09148   0.08125         0
   101/499     5.48G   0.08254   0.02896         0    0.1115         4       640    0.2546    0.3607    0.1702   0.04224   0.09176   0.07892         0
   102/499     5.48G   0.07819   0.02986         0     0.108        19       640    0.2359    0.4426     0.168   0.03117   0.08928   0.07484         0
   103/499     5.48G   0.08749    0.0221         0    0.1096         6       640    0.1546    0.3934    0.1332   0.02436   0.09738    0.0691         0
   104/499     5.48G   0.08402   0.03832         0    0.1223        26       640    0.2409    0.2951    0.1421    0.0267   0.09242   0.07374         0
   105/499     5.48G   0.08719   0.03174         0    0.1189        10       640    0.2253    0.2787    0.1292   0.02276    0.0894   0.07478         0
   106/499     5.48G   0.07581   0.03323         0     0.109        10       640    0.2744    0.3115     0.177   0.03433   0.08722   0.07541         0
   107/499     5.48G   0.07734   0.03513         0    0.1125        10       640    0.2446    0.2951    0.1784   0.02971   0.08818   0.07691         0
   108/499     5.48G   0.07679   0.03852         0    0.1153        14       640    0.2229     0.541    0.1916   0.03836   0.08868   0.07759         0
   109/499     5.48G    0.0811   0.03964         0    0.1207        21       640    0.1979     0.459    0.1666   0.03649   0.08802   0.07868         0
   110/499     5.48G   0.07796   0.03359         0    0.1115         8       640    0.2259    0.3252    0.1616   0.03834   0.08892    0.0783         0
   111/499     5.48G   0.07402   0.02764         0    0.1017         2       640    0.1595     0.459    0.1124   0.02467   0.09086   0.07799         0
   112/499     5.48G   0.07645   0.03825         0    0.1147        13       640    0.2076    0.2619    0.1313   0.02606   0.09129   0.07943         0
   113/499     5.48G   0.08529   0.02692         0    0.1122         9       640    0.1622    0.4426    0.1195   0.03044    0.0913   0.08179         0
   114/499     5.48G   0.08886   0.02957         0    0.1184        17       640    0.1651     0.308    0.1185    0.0259   0.09095   0.08476         0
   115/499     5.48G     0.085    0.0351         0    0.1201        17       640    0.1924    0.2951    0.1171    0.0239   0.09219   0.08586         0
   116/499     5.48G   0.08226   0.02744         0    0.1097         7       640    0.2029    0.2754    0.1191   0.02542   0.08979   0.08715         0
   117/499     5.48G   0.08305   0.03782         0    0.1209        20       640    0.1757    0.3115    0.1066   0.02249   0.08981   0.08657         0
   118/499     5.48G   0.08474   0.02882         0    0.1136        17       640    0.3225    0.1803    0.1263   0.02095   0.09584   0.08055         0
   119/499     5.48G   0.08597   0.03243         0    0.1184        15       640    0.2499    0.3441    0.1409   0.02893   0.09022   0.08766         0
   120/499     5.48G   0.08295   0.03267         0    0.1156        12       640    0.2493    0.1967    0.1266   0.02936   0.09269   0.08447         0
   121/499     5.48G   0.08514   0.03527         0    0.1204        12       640    0.1961     0.377     0.144   0.03217   0.08829   0.08775         0
   122/499     5.48G   0.07606   0.03412         0    0.1102         4       640    0.2524    0.4098     0.179   0.04326   0.09049   0.08438         0
   123/499     5.48G    0.0791   0.03417         0    0.1133        14       640    0.1971    0.3863    0.1711   0.03877   0.08789   0.08442         0
   124/499     5.48G   0.07942   0.03184         0    0.1113        19       640    0.1814    0.3934    0.1212   0.02446   0.09034   0.08129         0
   125/499     5.48G   0.07767   0.03362         0    0.1113        25       640     0.168    0.3443    0.1452   0.03967   0.09366   0.07688         0
   126/499     5.48G    0.1003   0.02777         0     0.128        14       640   0.06873    0.4573   0.05353  0.006881    0.1083    0.0648         0
   127/499     5.48G    0.1203    0.0228         0    0.1431        12       640    0.0892    0.3115   0.06847  0.008486    0.1039   0.07757         0
   128/499     5.48G    0.1084   0.02493         0    0.1334        13       640    0.3255    0.1311   0.09514   0.01198   0.09904   0.08251         0
   129/499     5.48G   0.09574   0.02974         0    0.1255         8       640    0.3255    0.1311   0.09514   0.01198   0.09904   0.08256         0
   130/499     5.48G   0.08641   0.02412         0    0.1105         4       640    0.1955    0.1639   0.07489  0.009713   0.09735   0.08588         0
   131/499     5.48G   0.09347   0.03517         0    0.1286        33       640    0.1084    0.3443   0.08415   0.01201   0.09487   0.08565         0
   132/499     5.48G   0.08197   0.03151         0    0.1135        12       640   0.09672    0.3115   0.06764   0.01007   0.09358   0.08255         0
   133/499     5.48G   0.09239   0.02908         0    0.1215        13       640    0.1581    0.2131     0.105   0.01762   0.09373   0.07852         0
   134/499     5.48G   0.09686   0.02627         0    0.1231         6       640    0.1581    0.2131     0.105   0.01762   0.09373   0.07833         0
   135/499     5.48G   0.09887   0.02819         0    0.1271        16       640    0.2064    0.1967    0.1174    0.0201   0.09499   0.07478         0
   136/499     5.48G   0.09375   0.03085         0    0.1246        15       640    0.1415    0.2295    0.1109   0.02383   0.09092    0.0802         0
   137/499     5.48G   0.08524   0.02861         0    0.1138        13       640   0.09018    0.4262    0.1151   0.03055   0.09363   0.07469         0
   138/499     5.48G   0.09731   0.03089         0    0.1282        23       640    0.3088   0.09836   0.09643   0.02355    0.1006   0.07226         0
   139/499     5.48G    0.1009   0.02756         0    0.1285         6       640    0.3088   0.09836   0.09643   0.02355    0.1006   0.07211         0
   140/499     5.48G   0.09632   0.03216         0    0.1285        24       640    0.2896   0.09836    0.1058   0.02239   0.09664   0.07901         0
   141/499     5.48G    0.1001   0.02623         0    0.1264        22       640    0.1286    0.1639   0.07252   0.02171   0.09617   0.08363         0
   142/499     5.48G   0.09435   0.02564         0      0.12         3       640    0.1021    0.2951   0.06886   0.01262    0.0963   0.07792         0
   143/499     5.48G    0.0967    0.0284         0    0.1251        12       640   0.07925     0.459   0.07903   0.01651    0.1002   0.07672         0
   144/499     5.48G    0.1041   0.02842         0    0.1326        18       640   0.07925     0.459   0.07903   0.01651    0.1002   0.07677         0
   145/499     5.48G    0.1035   0.02788         0    0.1314        14       640   0.09826    0.3108   0.07731   0.01175    0.1025   0.07185         0
   146/499     5.48G   0.09912   0.02363         0    0.1227        11       640    0.1454    0.2459   0.09081   0.01081   0.09792    0.0731         0
   147/499     5.48G   0.09243   0.02434         0    0.1168         8       640    0.1599    0.2131   0.08201   0.01336   0.09626   0.07349         0
   148/499     5.48G    0.0895   0.02948         0     0.119        21       640    0.1545    0.2459   0.09783   0.02287   0.09162    0.0792         0
   149/499     5.48G   0.07858   0.03639         0     0.115         8       640    0.1545    0.2459   0.09783   0.02287   0.09162   0.07941         0
   150/499     5.48G   0.08738   0.03435         0    0.1217        14       640    0.1583    0.3115    0.1131   0.02192   0.09057   0.07642         0
   151/499     5.48G   0.08188   0.03112         0     0.113        13       640    0.1298    0.5246    0.1262   0.02779   0.08979   0.07724         0
   152/499     5.48G   0.08416    0.0314         0    0.1156        17       640    0.1645    0.2131    0.1151   0.01968   0.09248    0.0725         0
   153/499     5.48G    0.0846   0.02876         0    0.1134        10       640   0.07957     0.623   0.07865   0.01298    0.1071   0.05963         0
   154/499     5.48G    0.1108   0.02316         0     0.134        12       640   0.07957     0.623   0.07865   0.01298    0.1071   0.05963         0
   155/499     5.48G    0.1025   0.02555         0     0.128        15       640   0.08993    0.5246   0.07005   0.00975   0.09995   0.06944         0
   156/499     5.48G    0.1006   0.03047         0    0.1311        20       640    0.1487    0.3279    0.0957   0.01233   0.09402   0.07751         0
   157/499     5.48G   0.09225   0.02855         0    0.1208        17       640    0.1182    0.3607   0.08828   0.01617    0.1016   0.07363         0
   158/499     5.48G   0.09246   0.02447         0    0.1169         2       640    0.1015    0.1967    0.0551  0.009332    0.1019   0.07073         0
   159/499     5.48G    0.1061    0.0228         0    0.1289        17       640    0.1015    0.1967    0.0551  0.009332    0.1019    0.0707         0
   160/499     5.48G    0.1078   0.02134         0    0.1292        10       640   0.08884    0.1475   0.03759   0.00585    0.1063   0.06634         0
   161/499     5.48G    0.1031   0.01848         0    0.1216         7       640   0.08884    0.1475   0.03759   0.00585    0.1063   0.06618         0
   162/499     5.48G    0.1016   0.03021         0    0.1318        12       640    0.0763    0.2131   0.04071  0.004669    0.1013   0.07327         0
   163/499     5.48G    0.1013   0.02875         0    0.1301        14       640   0.08475    0.2787   0.05711  0.007065   0.09936   0.07427         0
   164/499     5.48G   0.09464   0.02022         0    0.1149         6       640   0.08475    0.2787   0.05711  0.007065   0.09936   0.07451         0
   165/499     5.48G   0.09799   0.02754         0    0.1255        14       640   0.09823    0.1475   0.05757  0.009745    0.1044   0.06643         0
   166/499     5.48G   0.09112   0.02336         0    0.1145         8       640   0.07241    0.5574   0.07212   0.01168   0.09593    0.0775         0
   167/499     5.48G    0.0887   0.02628         0     0.115         7       640   0.07241    0.5574   0.07212   0.01168   0.09593   0.07775         0
   168/499     5.48G   0.08858   0.02287         0    0.1114         5       640   0.07667    0.1967   0.04863  0.008929   0.09743     0.078         0
   169/499     5.48G   0.08587    0.0303         0    0.1162         6       640    0.1071    0.4918    0.1059   0.01524   0.09809   0.07884         0
   170/499     5.48G   0.09249   0.02359         0    0.1161        11       640    0.1071    0.4918    0.1059   0.01524   0.09809   0.07897         0
   171/499     5.48G   0.08767   0.03047         0    0.1181        10       640    0.2168    0.1639    0.1018   0.01484   0.09828   0.07536         0
   172/499     5.48G   0.08751    0.0271         0    0.1146        10       640    0.2014    0.2787    0.1241   0.02334   0.09045    0.0834         0
   173/499     5.48G   0.07941   0.03087         0    0.1103        13       640    0.2014    0.2787    0.1241   0.02334   0.09045   0.08352         0
   174/499     5.48G   0.08201   0.03407         0    0.1161        10       640     0.154    0.4918    0.1317   0.02168   0.09026   0.08762         0
   175/499     5.48G    0.0795   0.02897         0    0.1085        11       640    0.1889    0.3934    0.1517   0.02525   0.08819     0.092         0
   176/499     5.48G   0.07653   0.02984         0    0.1064        11       640    0.1889    0.3934    0.1517   0.02525   0.08819   0.09216         0
   177/499     5.48G    0.0755   0.03253         0     0.108        11       640    0.1791    0.2933    0.1292   0.02242   0.08857   0.09443         0
   178/499     5.48G   0.08116   0.02766         0    0.1088        16       640    0.1151     0.459   0.08601   0.01722   0.09091    0.0959         0
   179/499     5.48G   0.08438   0.03051         0    0.1149        16       640    0.1151     0.459   0.08601   0.01722   0.09091   0.09591         0
   180/499     5.48G    0.0761   0.03133         0    0.1074         8       640    0.1069    0.4098   0.08377   0.01538   0.09181   0.09639         0
   181/499     5.48G   0.07871   0.02701         0    0.1057         3       640    0.1427    0.3934     0.108    0.0164   0.09217   0.08608         0
   182/499     5.48G    0.0923   0.03322         0    0.1255        13       640    0.1427    0.3934     0.108    0.0164   0.09217   0.08615         0
   183/499     5.48G   0.08573   0.02702         0    0.1128        10       640    0.1457    0.2295   0.07336  0.009873   0.09384   0.08461         0
   184/499     5.48G   0.08141   0.02405         0    0.1055         4       640    0.1196    0.3279   0.06606   0.01008   0.09539    0.0941         0
   185/499     5.48G   0.09041   0.02275         0    0.1132         9       640    0.1196    0.3279   0.06606   0.01008   0.09539   0.09414         0
   186/499     5.48G   0.09514   0.03445         0    0.1296        21       640    0.1211    0.2757   0.06529  0.009237   0.09808   0.09022         0
   187/499     5.48G   0.09289   0.02723         0    0.1201        14       640    0.1961    0.1803   0.07057  0.009203   0.09615   0.09391         0
   188/499     5.48G   0.07801   0.03368         0    0.1117        10       640    0.1961    0.1803   0.07057  0.009203   0.09615   0.09394         0
   189/499     5.48G   0.08272   0.03177         0    0.1145        16       640    0.1291    0.3279   0.06974   0.01197   0.09429   0.09169         0
   190/499     5.48G   0.08634   0.02418         0    0.1105         7       640     0.221    0.2623    0.1287   0.02108    0.0935   0.08194         0
   191/499     5.48G    0.0855   0.02765         0    0.1131        13       640     0.221    0.2623    0.1287   0.02108    0.0935   0.08212         0
   192/499     5.48G   0.08032   0.03064         0     0.111        12       640    0.1534    0.4426    0.1265   0.02175   0.09335   0.08184         0
   193/499     5.48G   0.07417   0.03338         0    0.1076         8       640    0.1765    0.4262     0.118   0.02599   0.09128   0.08802         0
   194/499     5.48G   0.07882   0.03321         0     0.112        18       640    0.1765    0.4262     0.118   0.02599   0.09128     0.088         0
   195/499     5.48G   0.08153    0.0288         0    0.1103         9       640    0.1354     0.459   0.09244   0.02488   0.09494   0.08697         0
   196/499     5.48G   0.08279    0.0243         0    0.1071        10       640    0.1354     0.459   0.09244   0.02488   0.09494     0.087         0
   197/499     5.48G   0.07878   0.03086         0    0.1096        17       640    0.1361    0.2623   0.07887   0.01107   0.09714   0.08323         0
   198/499     5.48G    0.1037   0.02215         0    0.1259         4       640    0.1361    0.2623   0.07887   0.01107   0.09714   0.08292         0
   199/499     5.48G    0.1016   0.02422         0    0.1258        18       640     0.186    0.1475    0.0951   0.01502   0.09662   0.09073         0
   200/499     5.48G   0.09046   0.02252         0     0.113         8       640     0.186    0.1475    0.0951   0.01502   0.09662   0.09075         0
   201/499     5.48G    0.0885   0.03265         0    0.1212        17       640    0.1942    0.1311   0.06822   0.01421   0.09719   0.09206         0
   202/499     5.48G   0.08738   0.03396         0    0.1213        17       640    0.1942    0.1311   0.06822   0.01421   0.09719   0.09196         0
   203/499     5.48G   0.08762   0.03359         0    0.1212        24       640    0.1257    0.2295   0.07838   0.01505   0.09789   0.09216         0
   204/499     5.48G    0.0861   0.02936         0    0.1155        17       640    0.1369    0.2459   0.09457   0.01858   0.09484   0.09261         0
   205/499     5.48G   0.09153   0.02809         0    0.1196        16       640    0.1369    0.2459   0.09457   0.01858   0.09484   0.09238         0
   206/499     5.48G   0.09537   0.03206         0    0.1274        26       640    0.2238    0.1475   0.09617   0.02133   0.09499   0.08631         0
   207/499     5.48G   0.09312   0.02308         0    0.1162         4       640    0.2238    0.1475   0.09617   0.02133   0.09499   0.08608         0
   208/499     5.48G   0.08533   0.02403         0    0.1094         8       640    0.2227    0.1967    0.1231   0.03858   0.09171   0.09092         0
   209/499     5.48G   0.07962   0.02569         0    0.1053         5       640    0.2227    0.1967    0.1231   0.03858   0.09171    0.0909         0
   210/499     5.48G   0.08486   0.02445         0    0.1093         8       640    0.2383    0.1803    0.1081   0.02936   0.09203   0.09236         0
   211/499     5.48G   0.08916   0.02156         0    0.1107         5       640    0.1386    0.1639     0.069   0.01057   0.09994   0.08594         0
   212/499     5.48G   0.09705   0.02766         0    0.1247        13       640    0.1386    0.1639     0.069   0.01057   0.09994    0.0861         0
   213/499     5.48G   0.09125   0.02787         0    0.1191        17       640    0.1578    0.1475   0.07343   0.01219   0.09418   0.09018         0
   214/499     5.48G    0.0981   0.02374         0    0.1218        12       640    0.1578    0.1475   0.07343   0.01219   0.09418   0.09007         0
   215/499     5.48G   0.09043   0.03293         0    0.1234        16       640   0.09733    0.3443   0.06635    0.0132    0.0938   0.09061         0
   216/499     5.48G   0.08258   0.02878         0    0.1114         7       640   0.09733    0.3443   0.06635    0.0132    0.0938   0.09086         0
   217/499     5.48G   0.08473   0.03095         0    0.1157        14       640    0.1914    0.1475   0.07381   0.01488   0.09406   0.08915         0
   218/499     5.48G   0.08419   0.02405         0    0.1082        15       640    0.1263    0.1803   0.05861   0.01367   0.09853     0.088         0
   219/499     5.48G   0.08242   0.02578         0    0.1082        15       640    0.1263    0.1803   0.05861   0.01367   0.09853   0.08816         0
   220/499     5.48G   0.08503   0.02423         0    0.1093         6       640    0.1178    0.1803   0.05365   0.01256   0.09665    0.0835         0
   221/499     5.48G   0.08705   0.03234         0    0.1194        13       640    0.1178    0.1803   0.05365   0.01256   0.09665   0.08389         0
   222/499     5.48G   0.07298    0.0294         0    0.1024         4       640    0.2149    0.2295    0.1128   0.02833    0.0941    0.0814         0
   223/499     5.48G   0.08034   0.02926         0    0.1096        13       640    0.2149    0.2295    0.1128   0.02833    0.0941   0.08156         0
   224/499     5.48G   0.07066   0.02574         0   0.09641         2       640    0.2437    0.2131    0.1191   0.03006   0.09169   0.08409         0
   225/499     5.48G   0.07882   0.03052         0    0.1093        13       640    0.1522    0.2951    0.1053   0.02162   0.09386   0.08257         0
   226/499     5.48G   0.08886   0.02333         0    0.1122         9       640    0.1522    0.2951    0.1053   0.02162   0.09386    0.0827         0
   227/499     5.48G    0.0943   0.02251         0    0.1168        15       640    0.1408    0.1639   0.06825   0.01525   0.09695   0.09251         0
   228/499     5.48G   0.09957   0.02567         0    0.1252        17       640    0.1408    0.1639   0.06825   0.01525   0.09695   0.09252         0
   229/499     5.48G   0.08795   0.02863         0    0.1166        15       640    0.2025    0.3279    0.1687   0.03246   0.08879   0.09134         0
   230/499     5.48G   0.07852   0.03278         0    0.1113        14       640    0.2025    0.3279    0.1687   0.03246   0.08879    0.0911         0
   231/499     5.48G   0.08676   0.03277         0    0.1195        17       640    0.2058    0.3115    0.1244   0.02225     0.092   0.08448         0
   232/499     5.48G   0.07995   0.02776         0    0.1077         2       640    0.2058    0.3115    0.1244   0.02225     0.092   0.08427         0
   233/499     5.48G   0.08634    0.0297         0     0.116        16       640    0.2058    0.3115    0.1244   0.02225     0.092   0.08436         0
   234/499     5.48G   0.08206   0.03111         0    0.1132        12       640    0.1517    0.3607    0.1092   0.01919   0.09426   0.08236         0
   235/499     5.48G   0.08098   0.02784         0    0.1088        12       640    0.1517    0.3607    0.1092   0.01919   0.09426   0.08232         0
   236/499     5.48G    0.0804   0.02934         0    0.1097        19       640    0.1835    0.3443     0.148   0.01771   0.09288   0.08481         0
   237/499     5.48G    0.0786   0.02983         0    0.1084        22       640    0.1835    0.3443     0.148   0.01771   0.09288   0.08492         0
   238/499     5.48G   0.07856    0.0284         0     0.107        11       640    0.1611    0.2951    0.1344   0.02207   0.09388   0.08597         0
   239/499     5.48G   0.07857   0.03331         0    0.1119        16       640    0.1611    0.2951    0.1344   0.02207   0.09388   0.08612         0
   240/499     5.48G   0.07941    0.0243         0    0.1037         6       640     0.183    0.2131    0.1278   0.02873    0.0955   0.08563         0
   241/499     5.48G   0.06833   0.02793         0   0.09627         7       640     0.183    0.2131    0.1278   0.02873    0.0955   0.08558         0
   242/499     5.48G   0.07089   0.03132         0    0.1022        11       640    0.1938    0.3115     0.146   0.03386   0.09511   0.08603         0
   243/499     5.48G   0.07581    0.0331         0    0.1089        18       640    0.1938    0.3115     0.146   0.03386   0.09511   0.08591         0
   244/499     5.48G   0.07675   0.02056         0   0.09731         4       640    0.2794    0.2623    0.1637    0.0404   0.09537   0.08599         0
   245/499     5.48G   0.07915   0.02896         0    0.1081        13       640    0.2794    0.2623    0.1637    0.0404   0.09537   0.08603         0
   246/499     5.48G   0.06777   0.02248         0   0.09025         6       640    0.1969    0.3115    0.1236   0.03376   0.09752     0.084         0
   247/499     5.48G   0.07087   0.02937         0    0.1002        12       640    0.1969    0.3115    0.1236   0.03376   0.09752     0.084         0
   248/499     5.48G   0.07478   0.03412         0    0.1089        19       640    0.2016    0.3279    0.1844   0.04414   0.09473   0.08492         0
   249/499     5.48G   0.07045    0.0287         0   0.09915         6       640    0.2016    0.3279    0.1844   0.04414   0.09473   0.08483         0
   250/499     5.48G   0.07293   0.03565         0    0.1086        21       640    0.3677    0.2288    0.2061   0.03935   0.09399   0.08541         0
   251/499     5.48G   0.07204   0.01918         0   0.09122         2       640    0.3677    0.2288    0.2061   0.03935   0.09399   0.08532         0
   252/499     5.48G   0.06827   0.03357         0    0.1018        16       640    0.2405    0.4426     0.189   0.05084   0.09305   0.08734         0
   253/499     5.48G   0.07794   0.03275         0    0.1107        15       640    0.2405    0.4426     0.189   0.05084   0.09305   0.08738         0
   254/499     5.48G   0.07274   0.03142         0    0.1042        22       640    0.2385    0.3443    0.1729   0.04763   0.09453    0.0881         0
   255/499     5.48G   0.07016   0.02656         0   0.09672        10       640    0.2385    0.3443    0.1729   0.04763   0.09453   0.08822         0
   256/499     5.48G   0.06905   0.02702         0   0.09608         8       640     0.246    0.3115    0.1533   0.03926   0.09428   0.08662         0
   257/499     5.48G   0.07284   0.02849         0    0.1013         9       640     0.246    0.3115    0.1533   0.03926   0.09428   0.08686         0
   258/499     5.48G   0.07308   0.03586         0    0.1089        27       640    0.2057    0.4918    0.1754   0.04066   0.09347   0.08467         0
   259/499     5.48G   0.07487   0.03068         0    0.1056        16       640    0.2057    0.4918    0.1754   0.04066   0.09347   0.08458         0
   260/499     5.48G   0.06459   0.03231         0    0.0969        23       640    0.2195    0.4262    0.1968   0.06279   0.09424   0.08174         0
   261/499     5.48G   0.07149   0.02275         0   0.09424        15       640    0.2195    0.4262    0.1968   0.06279   0.09424   0.08186         0
   262/499     5.48G   0.07859   0.03624         0    0.1148        29       640    0.2234    0.4426    0.2016   0.06279   0.09495   0.08212         0
   263/499     5.48G   0.07185   0.03273         0    0.1046        17       640    0.2234    0.4426    0.2016   0.06279   0.09495   0.08206         0
   264/499     5.48G   0.07965   0.02612         0    0.1058         4       640    0.2257    0.4262    0.2184   0.06612   0.09416   0.08171         0
   265/499     5.48G   0.07088   0.03475         0    0.1056        13       640    0.2257    0.4262    0.2184   0.06612   0.09416   0.08183         0
   266/499     5.48G   0.07729   0.02373         0     0.101         7       640    0.2334     0.377       0.2   0.06216   0.09519   0.08279         0
   267/499     5.48G   0.06709   0.03378         0    0.1009        13       640    0.2334     0.377       0.2   0.06216   0.09519   0.08279         0
   268/499     5.48G   0.07867   0.02983         0    0.1085        10       640    0.2408    0.3279    0.1991   0.05811   0.09555   0.08296         0
   269/499     5.48G    0.0753   0.03027         0    0.1056        14       640    0.2408    0.3279    0.1991   0.05811   0.09555    0.0831         0
   270/499     5.48G   0.08329   0.02696         0    0.1102        10       640    0.2186    0.2295    0.1502   0.05045   0.09996   0.08044         0
   271/499     5.48G   0.07996   0.03146         0    0.1114        14       640    0.2186    0.2295    0.1502   0.05045   0.09996   0.08029         0
   272/499     5.48G    0.0668   0.02701         0   0.09382        12       640    0.4154    0.1639    0.1571   0.04236   0.09838   0.08311         0
   273/499     5.48G   0.06533   0.03034         0   0.09567         6       640    0.4154    0.1639    0.1571   0.04236   0.09838   0.08337         0
   274/499     5.48G   0.07382   0.02572         0   0.09954         5       640    0.2111    0.2295    0.1213   0.03652   0.09946   0.08369         0
   275/499     5.48G   0.06584   0.02517         0   0.09101         6       640    0.2111    0.2295    0.1213   0.03652   0.09946   0.08368         0
   276/499     5.48G   0.07048   0.03299         0    0.1035        18       640     0.233    0.2951     0.118   0.03744   0.09863   0.08207         0
   277/499     5.48G   0.07089   0.02681         0    0.0977         7       640     0.233    0.2951     0.118   0.03744   0.09863   0.08192         0
   278/499     5.48G   0.07698   0.02837         0    0.1054        18       640     0.221    0.3256    0.1156   0.03184   0.09988    0.0816         0
   279/499     5.48G   0.07052    0.0314         0    0.1019        12       640     0.221    0.3256    0.1156   0.03184   0.09988   0.08168         0
   280/499     5.48G   0.06851   0.03066         0   0.09917         6       640    0.2281    0.3115    0.1367   0.03084   0.09864   0.08044         0
   281/499     5.48G   0.07189   0.02563         0   0.09752        16       640    0.2281    0.3115    0.1367   0.03084   0.09864   0.08046         0
   282/499     5.48G    0.0729   0.03316         0    0.1061        14       640    0.2948     0.377    0.1942   0.04614   0.09576      0.08         0
   283/499     5.48G   0.07039    0.0239         0   0.09429         7       640    0.2948     0.377    0.1942   0.04614   0.09576   0.08007         0
   284/499     5.48G   0.07003   0.02568         0    0.0957         7       640     0.268    0.4262    0.2254   0.05751   0.09377   0.07943         0
   285/499     5.48G   0.07374   0.02945         0    0.1032         8       640     0.268    0.4262    0.2254   0.05751   0.09377   0.07946         0
   286/499     5.48G   0.06834   0.03008         0   0.09843         8       640     0.226    0.4754    0.2076   0.05292   0.09365   0.07941         0
   287/499     5.48G   0.06386   0.02522         0   0.08908         3       640     0.226    0.4754    0.2076   0.05292   0.09365    0.0792         0
   288/499     5.48G   0.07307   0.02806         0    0.1011        13       640    0.2411    0.3594    0.1876    0.0613   0.09317   0.08172         0
   289/499     5.48G    0.0695   0.02789         0   0.09739         8       640    0.2411    0.3594    0.1876    0.0613   0.09317   0.08168         0
   290/499     5.48G    0.0593   0.02216         0   0.08146         8       640    0.2047    0.3934    0.1694   0.05628   0.09291   0.08381         0
   291/499     5.48G   0.07006   0.03492         0     0.105        21       640    0.2047    0.3934    0.1694   0.05628   0.09291   0.08387         0
   292/499     5.48G   0.07052   0.02599         0   0.09651         8       640    0.2017    0.4262    0.1597   0.05218   0.09453   0.08443         0
   293/499     5.48G   0.07568   0.03253         0    0.1082        13       640    0.2017    0.4262    0.1597   0.05218   0.09453   0.08443         0
   294/499     5.48G   0.07427   0.03063         0    0.1049        10       640    0.2093    0.3279    0.1251   0.04208   0.09467   0.08859         0
   295/499     5.48G   0.07093   0.03032         0    0.1013        11       640    0.2093    0.3279    0.1251   0.04208   0.09467   0.08856         0
   296/499     5.48G   0.07095   0.02649         0   0.09744         9       640    0.1788    0.4098     0.126   0.03903   0.09476   0.09097         0
   297/499     5.48G   0.06967   0.02287         0   0.09254        10       640    0.1788    0.4098     0.126   0.03903   0.09476   0.09089         0
   298/499     5.48G   0.06865   0.03615         0    0.1048        15       640    0.2162    0.2131   0.09693   0.02629   0.09511    0.0921         0
   299/499     5.48G   0.07455   0.02993         0    0.1045         7       640    0.2162    0.2131   0.09693   0.02629   0.09511   0.09211         0
   300/499     5.48G   0.06689    0.0384         0    0.1053        16       640    0.1489    0.3934   0.09873   0.02532   0.09612   0.09234         0
   301/499     5.48G    0.0649   0.02801         0   0.09292        12       640    0.1489    0.3934   0.09873   0.02532   0.09612   0.09216         0
   302/499     5.48G   0.07734   0.03034         0    0.1077         5       640    0.1185     0.377   0.08606   0.02322   0.09632   0.09261         0
   303/499     5.48G   0.07182   0.02865         0    0.1005        14       640    0.1185     0.377   0.08606   0.02322   0.09632   0.09245         0
   304/499     5.48G   0.06951   0.04251         0     0.112        19       640    0.1607    0.2459    0.0937    0.0308     0.096   0.09176         0
   305/499     5.48G   0.06959   0.03256         0    0.1021        24       640    0.1607    0.2459    0.0937    0.0308     0.096   0.09172         0
   306/499     5.48G   0.06892    0.0322         0    0.1011        21       640    0.1427    0.2951   0.08283   0.02338   0.09652   0.09118         0
   307/499     5.48G   0.05961   0.03021         0   0.08982        10       640    0.1427    0.2951   0.08283   0.02338   0.09652    0.0911         0
   308/499     5.48G   0.06799   0.03477         0    0.1028        18       640    0.1395    0.3934   0.08271   0.02744   0.09677   0.09093         0
   309/499     5.48G   0.06508   0.02477         0   0.08985         5       640    0.1395    0.3934   0.08271   0.02744   0.09677   0.09094         0
   310/499     5.48G   0.06783   0.02548         0   0.09331         3       640    0.1722    0.3934    0.0977   0.03356   0.09621   0.09039         0
   311/499     5.48G    0.0649   0.03351         0   0.09841        11       640    0.1722    0.3934    0.0977   0.03356   0.09621   0.09037         0
   312/499     5.48G   0.07108   0.03209         0    0.1032        12       640    0.1808     0.377    0.1017   0.03377   0.09598   0.09092         0
   313/499     5.48G   0.06152   0.02628         0    0.0878         5       640    0.1808     0.377    0.1017   0.03377   0.09598   0.09098         0
   314/499     5.48G   0.06648   0.02635         0   0.09283         5       640     0.207    0.3607    0.1103   0.03241   0.09618   0.09102         0
   315/499     5.48G   0.06581   0.03176         0   0.09757         5       640     0.207    0.3607    0.1103   0.03241   0.09618   0.09104         0
   316/499     5.48G   0.06475    0.0249         0   0.08965         2       640    0.2146    0.3279    0.1177   0.02635   0.09685   0.08932         0
   317/499     5.48G   0.06688   0.02366         0   0.09054        16       640    0.2146    0.3279    0.1177   0.02635   0.09685   0.08934         0
   318/499     5.48G   0.06975   0.02746         0   0.09721        10       640    0.2271    0.2951     0.127   0.03286   0.09707   0.08795         0
   319/499     5.48G   0.06093   0.02699         0   0.08792        12       640    0.2271    0.2951     0.127   0.03286   0.09707   0.08774         0
   320/499     5.48G   0.07277   0.03237         0    0.1051        20       640    0.2056    0.2787    0.1203   0.03182   0.09632   0.08809         0
   321/499     5.48G   0.07801   0.02386         0    0.1019         5       640    0.2056    0.2787    0.1203   0.03182   0.09632   0.08793         0
   322/499     5.48G   0.07001   0.03539         0    0.1054        22       640    0.2638    0.3607    0.1566   0.04567   0.09377   0.08547         0
   323/499     5.48G   0.06286   0.02429         0   0.08716         8       640    0.2638    0.3607    0.1566   0.04567   0.09377   0.08575         0
   324/499     5.48G   0.06746   0.02642         0   0.09388         8       640    0.2714    0.3115    0.1756   0.04902   0.09294   0.08551         0
   325/499     5.48G   0.06051   0.02628         0   0.08679         8       640    0.2714    0.3115    0.1756   0.04902   0.09294   0.08548         0
   326/499     5.48G   0.07418   0.02972         0    0.1039         6       640    0.2817    0.3279    0.2023   0.05406   0.09167   0.08682         0
   327/499     5.48G   0.06666   0.02918         0   0.09584        24       640    0.2817    0.3279    0.2023   0.05406   0.09167   0.08696         0
   328/499     5.48G   0.06571    0.0251         0   0.09082        19       640    0.2937     0.377    0.2277   0.05576   0.09102   0.08904         0
   329/499     5.48G   0.06548   0.02475         0   0.09023         4       640    0.2937     0.377    0.2277   0.05576   0.09102   0.08923         0
   330/499     5.48G    0.0601   0.02562         0   0.08572        10       640    0.2622    0.3903     0.188   0.04956   0.09166   0.09232         0
   331/499     5.48G   0.05752   0.02593         0   0.08345        10       640    0.2622    0.3903     0.188   0.04956   0.09166   0.09226         0
   332/499     5.48G   0.06233   0.02605         0   0.08838         6       640    0.2703    0.3443    0.1609     0.048   0.09293   0.09388         0
   333/499     5.48G   0.06791   0.03067         0   0.09858        12       640    0.2703    0.3443    0.1609     0.048   0.09293   0.09397         0
   334/499     5.48G   0.06216   0.02379         0   0.08595         4       640    0.2775    0.3443    0.1537   0.04093   0.09413   0.09465         0
   335/499     5.48G   0.07359   0.02675         0    0.1003         5       640    0.2775    0.3443    0.1537   0.04093   0.09413   0.09455         0
   336/499     5.48G   0.06362   0.02441         0   0.08803         8       640    0.2754     0.377    0.1354   0.03576   0.09577   0.09503         0
   337/499     5.48G   0.06661   0.02511         0   0.09172        17       640    0.2754     0.377    0.1354   0.03576   0.09577   0.09491         0
   338/499     5.48G   0.06957   0.02362         0    0.0932         9       640    0.2233     0.459     0.154   0.03952   0.09334   0.09442         0
   339/499     5.48G   0.06371   0.03494         0   0.09865        26       640    0.2233     0.459     0.154   0.03952   0.09334   0.09438         0
   340/499     5.48G   0.06409   0.02593         0   0.09002        14       640    0.2465     0.377    0.1515   0.03929   0.09421   0.09368         0
   341/499     5.48G   0.05683   0.02285         0   0.07968         5       640    0.2465     0.377    0.1515   0.03929   0.09421   0.09366         0
   342/499     5.48G   0.06653   0.02768         0   0.09421        11       640    0.2356    0.3607    0.1393     0.038   0.09475   0.09351         0
   343/499     5.48G   0.06575   0.03122         0   0.09696        15       640    0.2356    0.3607    0.1393     0.038   0.09475   0.09328         0
   344/499     5.48G   0.05633   0.02314         0   0.07946         5       640    0.2538    0.2621    0.1252   0.03143   0.09627   0.09168         0
   345/499     5.48G   0.07164    0.0274         0   0.09905         8       640    0.2538    0.2621    0.1252   0.03143   0.09627   0.09157         0
   346/499     5.48G   0.05874   0.03159         0   0.09033        11       640    0.2615    0.2623    0.1187   0.03112   0.09543   0.09299         0
   347/499     5.48G   0.06767   0.02751         0   0.09518        10       640    0.2615    0.2623    0.1187   0.03112   0.09543   0.09298         0
   348/499     5.48G   0.06697   0.03266         0   0.09963        19       640    0.2684    0.2623    0.1347   0.04048   0.09596   0.09304         0
   349/499     5.48G   0.06553   0.02461         0   0.09014        13       640    0.2684    0.2623    0.1347   0.04048   0.09596   0.09308         0
   350/499     5.48G   0.06387   0.03164         0   0.09551        17       640    0.2313    0.2623     0.119   0.03681   0.09823   0.09108         0
   351/499     5.48G   0.07201   0.02498         0   0.09698        11       640    0.2313    0.2623     0.119   0.03681   0.09823    0.0912         0
   352/499     5.48G     0.064   0.03022         0   0.09422        14       640    0.2609    0.2787    0.1427   0.04862   0.09701   0.09006         0
   353/499     5.48G   0.07021    0.0276         0   0.09781        17       640    0.2609    0.2787    0.1427   0.04862   0.09701      0.09         0
   354/499     5.48G   0.06694   0.02792         0   0.09486        13       640    0.1925    0.3607    0.1562   0.06103    0.0954   0.09063         0
   355/499     5.48G   0.06419    0.0267         0   0.09089         6       640    0.1925    0.3607    0.1562   0.06103    0.0954   0.09059         0
   356/499     5.48G   0.06591   0.02474         0   0.09065        11       640    0.2497    0.2295    0.1556    0.0603   0.09704   0.08864         0
   357/499     5.48G   0.06683   0.03029         0   0.09712        13       640    0.2497    0.2295    0.1556    0.0603   0.09704   0.08851         0
   358/499     5.48G   0.06834   0.02493         0   0.09327         9       640    0.2421    0.2951    0.1739   0.06474   0.09756   0.08732         0
   359/499     5.48G   0.06579   0.03015         0   0.09594        12       640    0.2421    0.2951    0.1739   0.06474   0.09756    0.0874         0
   360/499     5.48G   0.07318   0.02736         0    0.1005        22       640    0.2489    0.4074    0.2144    0.0786   0.09588   0.08848         0
   361/499     5.48G   0.06988    0.0345         0    0.1044        21       640    0.2489    0.4074    0.2144    0.0786   0.09588   0.08848         0
   362/499     5.48G   0.06036     0.029         0   0.08935        13       640    0.2674    0.3607    0.2386   0.08061   0.09576   0.08761         0
   363/499     5.48G   0.06992   0.02782         0   0.09774        14       640    0.2674    0.3607    0.2386   0.08061   0.09576   0.08753         0
   364/499     5.48G   0.07465   0.02811         0    0.1028        10       640    0.2879    0.3934    0.2549   0.08706   0.09472   0.08752         0
   365/499     5.48G   0.05585   0.02946         0   0.08531         7       640    0.2879    0.3934    0.2549   0.08706   0.09472   0.08752         0
   366/499     5.48G   0.05415   0.02781         0   0.08196         3       640    0.2456     0.459    0.2473   0.08888    0.0936   0.08846         0
   367/499     5.48G   0.06603   0.02969         0   0.09572        24       640    0.2456     0.459    0.2473   0.08888    0.0936   0.08838         0
   368/499     5.48G   0.06655   0.02801         0   0.09456        15       640    0.2776    0.3279    0.2296   0.08701   0.09354   0.08907         0
   369/499     5.48G   0.06447   0.02831         0   0.09278         8       640    0.2776    0.3279    0.2296   0.08701   0.09354   0.08901         0
   370/499     5.48G     0.062   0.02943         0   0.09143        10       640    0.2925    0.2787    0.2227   0.08357   0.09382   0.08904         0
   371/499     5.48G   0.06843   0.02619         0   0.09462        10       640    0.2925    0.2787    0.2227   0.08357   0.09382   0.08904         0
   372/499     5.48G   0.07298   0.02596         0   0.09894        11       640    0.3191    0.2459    0.2201   0.07913   0.09432   0.08932         0
   373/499     5.48G   0.06925   0.02288         0   0.09213        13       640    0.3191    0.2459    0.2201   0.07913   0.09432   0.08916         0
   374/499     5.48G   0.07033   0.02824         0   0.09857         9       640    0.3703    0.2131    0.2033   0.07803   0.09437   0.08934         0
   375/499     5.48G    0.0628   0.02941         0   0.09221         9       640    0.3703    0.2131    0.2033   0.07803   0.09437   0.08924         0
   376/499     5.48G    0.0676   0.02254         0   0.09014        10       640     0.342    0.2131    0.1929   0.06345   0.09496   0.08935         0
   377/499     5.48G   0.06514   0.02511         0   0.09025        12       640     0.342    0.2131    0.1929   0.06345   0.09496   0.08937         0
   378/499     5.48G   0.06126   0.03144         0    0.0927         7       640    0.3109    0.2293    0.1897   0.06731   0.09508   0.08898         0
   379/499     5.48G   0.06548    0.0256         0   0.09107        18       640    0.3109    0.2293    0.1897   0.06731   0.09508   0.08906         0
   380/499     5.48G   0.06699   0.02917         0   0.09616         9       640    0.2746    0.2459    0.1893   0.06214   0.09481     0.089         0
   381/499     5.48G   0.06497   0.02422         0   0.08919         8       640    0.2746    0.2459    0.1893   0.06214   0.09481   0.08886         0
   382/499     5.48G   0.06207   0.02428         0   0.08636         9       640    0.2883    0.2459    0.1808    0.0582   0.09493   0.08905         0
   383/499     5.48G   0.06804   0.02978         0   0.09782        28       640    0.2883    0.2459    0.1808    0.0582   0.09493   0.08886         0
   384/499     5.48G   0.06125    0.0277         0   0.08895        15       640    0.2261    0.2787    0.1675   0.06381   0.09545   0.08942         0
   385/499     5.48G   0.06304   0.02923         0   0.09226        16       640    0.2261    0.2787    0.1675   0.06381   0.09545   0.08943         0
   386/499     5.48G   0.06897   0.02208         0   0.09105         9       640    0.2163    0.3443    0.1641   0.04996   0.09616   0.09129         0
   387/499     5.48G   0.06719   0.02167         0   0.08885        13       640    0.2163    0.3443    0.1641   0.04996   0.09616    0.0911         0
   388/499     5.48G   0.06026   0.02212         0   0.08238         5       640    0.2165    0.3443    0.1617   0.04554   0.09616    0.0919         0
   389/499     5.48G   0.06716   0.02393         0    0.0911        14       640    0.2165    0.3443    0.1617   0.04554   0.09616   0.09192         0
   390/499     5.48G   0.05517    0.0246         0   0.07977        13       640    0.1825    0.4098    0.1515   0.04928   0.09613   0.09336         0
   391/499     5.48G   0.06936   0.03053         0   0.09989        10       640    0.1825    0.4098    0.1515   0.04928   0.09613   0.09306         0
   392/499     5.48G   0.06344   0.02936         0    0.0928        16       640    0.2289    0.2295    0.1332    0.0379   0.09683   0.09415         0
   393/499     5.48G   0.06297   0.02388         0   0.08685        13       640    0.2289    0.2295    0.1332    0.0379   0.09683   0.09433         0
   394/499     5.48G   0.05604    0.0262         0   0.08224         6       640    0.2918    0.1967    0.1302   0.03167   0.09701   0.09549         0
   395/499     5.48G   0.06942   0.02433         0   0.09375         9       640    0.2918    0.1967    0.1302   0.03167   0.09701   0.09554         0
   396/499     5.48G   0.06653   0.02457         0    0.0911         6       640    0.2902    0.1967    0.1523   0.04228   0.09671   0.09602         0
   397/499     5.48G   0.06246   0.03096         0   0.09341        12       640    0.2902    0.1967    0.1523   0.04228   0.09671   0.09609         0
   398/499     5.48G   0.06317   0.02362         0   0.08679        12       640    0.1901    0.3279    0.1615   0.04162   0.09631    0.0964         0
   399/499     5.48G   0.06176   0.02429         0   0.08605         5       640    0.1901    0.3279    0.1615   0.04162   0.09631   0.09632         0
   400/499     5.48G   0.06734   0.02907         0    0.0964        16       640    0.2886    0.2128    0.1655   0.05204   0.09542   0.09604         0
   401/499     5.48G   0.06123   0.02537         0    0.0866         5       640    0.2886    0.2128    0.1655   0.05204   0.09542    0.0958         0
   402/499     5.48G   0.06709    0.0328         0   0.09989        16       640    0.2243    0.3934    0.1955   0.05654   0.09397   0.09546         0
   403/499     5.48G    0.0553   0.02766         0   0.08297         7       640    0.2243    0.3934    0.1955   0.05654   0.09397   0.09546         0
   404/499     5.48G   0.06165   0.02757         0   0.08921         9       640    0.2719    0.3429    0.1983   0.06171   0.09288   0.09509         0
   405/499     5.48G   0.06181    0.0218         0   0.08361         5       640    0.2719    0.3429    0.1983   0.06171   0.09288   0.09504         0
   406/499     5.48G   0.07179   0.03022         0     0.102        17       640    0.2645    0.3279    0.1874   0.06352   0.09181   0.09455         0
   407/499     5.48G   0.07169   0.02812         0   0.09981        22       640    0.2645    0.3279    0.1874   0.06352   0.09181   0.09459         0
   408/499     5.48G   0.05448   0.02425         0   0.07873         3       640     0.266    0.3934    0.2038   0.06967   0.09093   0.09405         0
   409/499     5.48G   0.06367   0.02689         0   0.09056        14       640     0.266    0.3934    0.2038   0.06967   0.09093   0.09412         0
   410/499     5.48G   0.06616   0.02822         0   0.09438        15       640    0.2817    0.3279    0.1945   0.06925   0.08987   0.09219         0
   411/499     5.48G   0.06435   0.02527         0   0.08962        15       640    0.2817    0.3279    0.1945   0.06925   0.08987   0.09214         0
   412/499     5.48G   0.06308   0.02806         0   0.09114        18       640    0.2288    0.4426    0.2045   0.06967   0.09003   0.09196         0
   413/499     5.48G   0.06574   0.02778         0   0.09353        21       640    0.2288    0.4426    0.2045   0.06967   0.09003   0.09198         0
   414/499     5.48G   0.06825   0.03047         0   0.09872        17       640    0.2907    0.3115    0.2003   0.06864   0.09009   0.09298         0
   415/499     5.48G   0.06777   0.02854         0   0.09631        12       640    0.2907    0.3115    0.2003   0.06864   0.09009   0.09283         0
   416/499     5.48G   0.06547   0.03336         0   0.09883        22       640    0.2606     0.377    0.2028   0.07128   0.08994   0.09373         0
   417/499     5.48G   0.06458   0.03148         0   0.09606        21       640    0.2606     0.377    0.2028   0.07128   0.08994   0.09376         0
   418/499     5.48G    0.0527   0.02486         0   0.07756         6       640    0.2852    0.4098    0.2284   0.08071   0.09041   0.09406         0
   419/499     5.48G   0.05843     0.023         0   0.08144         7       640    0.2852    0.4098    0.2284   0.08071   0.09041   0.09424         0
   420/499     5.48G   0.06202   0.02478         0    0.0868         9       640    0.3113    0.3279    0.2167   0.07036   0.09108   0.09564         0
   421/499     5.48G   0.05923   0.02525         0   0.08448        15       640    0.3113    0.3279    0.2167   0.07036   0.09108   0.09558         0
   422/499     5.48G   0.06337   0.02248         0   0.08585        12       640     0.259    0.4262    0.2146    0.0677   0.09194   0.09664         0
   423/499     5.48G   0.06141   0.02342         0   0.08483         3       640     0.259    0.4262    0.2146    0.0677   0.09194   0.09657         0
   424/499     5.48G   0.06129   0.03302         0    0.0943        18       640    0.2716    0.3424     0.205   0.07463   0.09153   0.09707         0
   425/499     5.48G   0.06145   0.02644         0   0.08789         8       640    0.2716    0.3424     0.205   0.07463   0.09153   0.09717         0
   426/499     5.48G   0.05312   0.03076         0   0.08388         9       640    0.2404    0.4098    0.2082    0.0708   0.09167   0.09824         0
   427/499     5.48G   0.06336   0.02599         0   0.08935        11       640    0.2404    0.4098    0.2082    0.0708   0.09167   0.09822         0
   428/499     5.48G   0.06375   0.02589         0   0.08964        13       640    0.2499    0.3279    0.1965   0.05416   0.09202   0.09925         0
   429/499     5.48G    0.0611    0.0318         0    0.0929         9       640    0.2499    0.3279    0.1965   0.05416   0.09202   0.09916         0
   430/499     5.48G   0.06559   0.02649         0   0.09208        14       640    0.2166    0.3607    0.1855   0.07293   0.09201   0.09923         0
   431/499     5.48G   0.06812   0.02781         0   0.09594        20       640    0.2166    0.3607    0.1855   0.07293   0.09201   0.09931         0
   432/499     5.48G   0.05747   0.02979         0   0.08726        11       640    0.2142    0.3443     0.183   0.06791   0.09229   0.09955         0
   433/499     5.48G   0.05519   0.02274         0   0.07793         2       640    0.2142    0.3443     0.183   0.06791   0.09229   0.09952         0
   434/499     5.48G   0.06361   0.02995         0   0.09357        15       640    0.1946    0.3607    0.1714   0.06843   0.09254    0.1008         0
   435/499     5.48G   0.06528   0.02897         0   0.09425        11       640    0.1946    0.3607    0.1714   0.06843   0.09254    0.1007         0
   436/499     5.48G   0.06319   0.03092         0   0.09411        17       640    0.1739    0.4262    0.1708   0.06523   0.09219    0.1005         0
   437/499     5.48G   0.06348   0.02962         0    0.0931        15       640    0.1739    0.4262    0.1708   0.06523   0.09219    0.1006         0
   438/499     5.48G   0.07426   0.02943         0    0.1037        16       640    0.3665    0.1802    0.1609   0.05321   0.09262    0.1003         0
   439/499     5.48G   0.06691   0.02852         0   0.09543        13       640    0.3665    0.1802    0.1609   0.05321   0.09262    0.1001         0
   440/499     5.48G   0.06987   0.02933         0    0.0992        17       640    0.3544      0.18    0.1419   0.04691   0.09321    0.1005         0
   441/499     5.48G   0.05198   0.02642         0    0.0784         7       640    0.3544      0.18    0.1419   0.04691   0.09321    0.1005         0
   442/499     5.48G   0.06016   0.02933         0   0.08949        19       640    0.1892    0.3607    0.1421   0.03954   0.09365     0.101         0
   443/499     5.48G   0.07214   0.02386         0     0.096        16       640    0.1892    0.3607    0.1421   0.03954   0.09365     0.101         0
   444/499     5.48G    0.0513   0.03298         0   0.08428        16       640    0.1673    0.3279    0.1234   0.03561   0.09407     0.102         0
   445/499     5.48G   0.06352   0.02659         0   0.09011         7       640    0.1673    0.3279    0.1234   0.03561   0.09407    0.1019         0
   446/499     5.48G   0.06597   0.02118         0   0.08715         7       640    0.2433    0.1803    0.1102   0.03615   0.09542    0.1036         0
   447/499     5.48G   0.06252   0.02863         0   0.09115        10       640    0.2433    0.1803    0.1102   0.03615   0.09542    0.1033         0
   448/499     5.48G   0.06623   0.02744         0   0.09367        10       640    0.2657    0.1967    0.1022   0.03219   0.09575    0.1042         0
   449/499     5.48G    0.0516   0.02324         0   0.07484        11       640    0.2657    0.1967    0.1022   0.03219   0.09575    0.1039         0
   450/499     5.48G   0.05819   0.02717         0   0.08537        11       640    0.2536    0.1803    0.1065   0.03537   0.09534    0.1032         0
   451/499     5.48G   0.05429   0.02476         0   0.07904         4       640    0.2536    0.1803    0.1065   0.03537   0.09534    0.1034         0
   452/499     5.48G   0.04782   0.02147         0   0.06929         0       640    0.2681    0.1803    0.1103   0.03351   0.09518     0.103         0
   453/499     5.48G   0.06559   0.02654         0   0.09213        24       640    0.2681    0.1803    0.1103   0.03351   0.09518     0.103         0
   454/499     5.48G   0.06654   0.02472         0   0.09126         8       640    0.1784    0.3115    0.1241   0.03605   0.09485    0.1029         0
   455/499     5.48G   0.06159   0.03291         0    0.0945        14       640    0.1784    0.3115    0.1241   0.03605   0.09485    0.1027         0
   456/499     5.48G   0.06446   0.02853         0   0.09299        18       640    0.1901    0.3464    0.1384   0.04206    0.0943     0.102         0
   457/499     5.48G   0.06071    0.0258         0   0.08651        27       640    0.1901    0.3464    0.1384   0.04206    0.0943     0.102         0
   458/499     5.48G    0.0646   0.02979         0   0.09439        21       640    0.1965    0.3443    0.1344   0.03851   0.09425    0.1011         0
   459/499     5.48G    0.0585    0.0192         0    0.0777         3       640    0.1965    0.3443    0.1344   0.03851   0.09425    0.1012         0
   460/499     5.48G   0.06079   0.02558         0   0.08638         7       640    0.2052    0.4098    0.1307   0.03486   0.09406    0.1023         0
   461/499     5.48G   0.06574   0.02856         0   0.09429        13       640    0.2052    0.4098    0.1307   0.03486   0.09406    0.1021         0
   462/499     5.48G   0.04879   0.02554         0   0.07434         7       640    0.2063     0.377    0.1375    0.0398   0.09383    0.1024         0
   463/499     5.48G   0.06177   0.02205         0   0.08382         7       640    0.2063     0.377    0.1375    0.0398   0.09383    0.1026         0
   464/499     5.48G   0.06087   0.02838         0   0.08925        14       640    0.2102     0.377    0.1404    0.0436   0.09457     0.103         0
   465/499     5.48G   0.05801   0.03257         0   0.09058        30       640    0.2102     0.377    0.1404    0.0436   0.09457    0.1031         0
   466/499     5.48G   0.06668   0.02403         0   0.09071        18       640    0.1947    0.3443    0.1348   0.04137   0.09479    0.1029         0
   467/499     5.48G   0.05453   0.02412         0   0.07865         7       640    0.1947    0.3443    0.1348   0.04137   0.09479     0.103         0
   468/499     5.48G   0.05987   0.02406         0   0.08393         7       640    0.2316    0.3279    0.1562   0.04962   0.09416    0.1018         0
   469/499     5.48G   0.06008   0.02647         0   0.08655         8       640    0.2316    0.3279    0.1562   0.04962   0.09416    0.1021         0
   470/499     5.48G   0.06488    0.0221         0   0.08698        12       640    0.2348    0.3571    0.1605   0.04536   0.09335    0.1019         0
   471/499     5.48G   0.06643   0.02652         0   0.09295        18       640    0.2348    0.3571    0.1605   0.04536   0.09335    0.1019         0
   472/499     5.48G   0.05732    0.0254         0   0.08272        13       640    0.2119    0.4426    0.1761   0.04773   0.09293    0.1017         0
   473/499     5.48G   0.05762   0.01963         0   0.07724         7       640    0.2119    0.4426    0.1761   0.04773   0.09293    0.1017         0
   474/499     5.48G   0.05578   0.01922         0     0.075         6       640    0.2393    0.3607     0.162   0.04526    0.0925    0.1017         0
   475/499     5.48G   0.06199   0.02316         0   0.08515        10       640    0.2393    0.3607     0.162   0.04526    0.0925    0.1019         0
   476/499     5.48G   0.05697   0.02359         0   0.08055        13       640    0.2375     0.377    0.1682   0.04575   0.09224    0.1022         0
   477/499     5.48G   0.06055   0.03271         0   0.09325        25       640    0.2375     0.377    0.1682   0.04575   0.09224    0.1022         0
   478/499     5.48G   0.06263   0.02016         0   0.08279         8       640    0.2075    0.3443    0.1353   0.04188   0.09252    0.1027         0
   479/499     5.48G   0.06579   0.02655         0   0.09235        10       640    0.2075    0.3443    0.1353   0.04188   0.09252    0.1027         0
   480/499     5.48G    0.0596   0.02355         0   0.08314         7       640    0.3888    0.2295    0.1662   0.04322   0.09209    0.1027         0
   481/499     5.48G   0.05756   0.02738         0   0.08495        20       640    0.3888    0.2295    0.1662   0.04322   0.09209    0.1027         0
   482/499     5.48G   0.05399   0.02324         0   0.07722        10       640    0.2245    0.3279    0.1614   0.04445   0.09138    0.1027         0
   483/499     5.48G   0.05915   0.02467         0   0.08381        11       640    0.2245    0.3279    0.1614   0.04445   0.09138    0.1026         0
   484/499     5.48G   0.05916   0.02583         0   0.08498         6       640    0.2269    0.3443    0.1635   0.04315   0.09136    0.1031         0
   485/499     5.48G   0.05907   0.02669         0   0.08576        11       640    0.2269    0.3443    0.1635   0.04315   0.09136    0.1031         0
   486/499     5.48G   0.05543    0.0238         0   0.07923         5       640    0.2283    0.3443    0.1811   0.04515   0.09096    0.1031         0
   487/499     5.48G   0.06017   0.03101         0   0.09118        16       640    0.2283    0.3443    0.1811   0.04515   0.09096    0.1032         0
   488/499     5.48G   0.06152   0.02839         0   0.08991        29       640    0.2077    0.3934    0.1736   0.04944   0.09077    0.1029         0
   489/499     5.48G   0.05373   0.02384         0   0.07757        10       640    0.2077    0.3934    0.1736   0.04944   0.09077    0.1028         0
   490/499     5.48G    0.0614   0.02819         0   0.08959        16       640    0.2222     0.356    0.1672   0.04495   0.09089    0.1027         0
   491/499     5.48G   0.05891   0.02836         0   0.08727        13       640    0.2222     0.356    0.1672   0.04495   0.09089    0.1027         0
   492/499     5.48G    0.0633   0.02926         0   0.09256        15       640    0.2035    0.3607     0.163   0.05157   0.09088    0.1028         0
   493/499     5.48G   0.06359   0.02669         0   0.09027        14       640    0.2035    0.3607     0.163   0.05157   0.09088    0.1027         0
   494/499     5.48G   0.06842   0.03002         0   0.09844        16       640    0.1893    0.3115    0.1578   0.04901   0.09107    0.1028         0
   495/499     5.48G   0.06079   0.02642         0   0.08722         5       640    0.1893    0.3115    0.1578   0.04901   0.09107    0.1028         0
   496/499     5.48G   0.05604   0.02719         0   0.08322        15       640    0.2226    0.3115    0.1626   0.04781   0.09102     0.103         0
   497/499     5.48G   0.05253   0.01979         0   0.07232         9       640    0.2226    0.3115    0.1626   0.04781   0.09102    0.1032         0
   498/499     5.48G   0.06909   0.02405         0   0.09313         9       640    0.1932    0.3063    0.1353    0.0531   0.09123    0.1026         0
   499/499     5.48G   0.05841    0.0266         0   0.08501        12       640    0.1932    0.3063    0.1353    0.0531   0.09123    0.1027         0
