0 0.684375 0.298438 0.009375 0.337500
0 0.675781 0.417187 0.007812 0.300000
0 0.667969 0.503906 0.007812 0.276562
0 0.661719 0.581250 0.007812 0.290625
0 0.654687 0.640625 0.009375 0.246875
0 0.646875 0.672656 0.009375 0.214062
0 0.639844 0.679688 0.010937 0.206250
0 0.624219 0.561719 0.010937 0.295312
0 0.614844 0.489844 0.010937 0.257812
0 0.607812 0.430469 0.009375 0.267188
0 0.600000 0.385937 0.009375 0.209375
0 0.592969 0.355469 0.007812 0.260937
0 0.587500 0.274219 0.009375 0.295312
0 0.699219 0.135937 0.007812 0.196875
