0 0.694531 0.287500 0.010937 0.284375
0 0.685937 0.390625 0.009375 0.337500
0 0.678906 0.496094 0.007812 0.295312
0 0.671094 0.563281 0.007812 0.260937
0 0.664844 0.627344 0.007812 0.282813
0 0.657813 0.681250 0.009375 0.240625
0 0.650781 0.692969 0.010937 0.220312
0 0.642969 0.690625 0.010937 0.212500
0 0.633594 0.646875 0.010937 0.293750
0 0.626563 0.551562 0.009375 0.325000
0 0.617969 0.452344 0.007812 0.279687
0 0.610938 0.371875 0.006250 0.296875
0 0.603906 0.309375 0.007812 0.237500
0 0.597656 0.267969 0.007812 0.273438
0 0.584375 0.160938 0.009375 0.162500
