0 0.562500 0.546875 0.009375 0.262500
0 0.555469 0.447656 0.010937 0.304688
0 0.642969 0.278125 0.007812 0.290625
0 0.635156 0.384375 0.007812 0.284375
0 0.628906 0.471875 0.007812 0.265625
0 0.621094 0.530469 0.007812 0.257812
0 0.614062 0.578125 0.009375 0.218750
0 0.607812 0.582031 0.009375 0.214062
0 0.600000 0.562500 0.009375 0.209375
0 0.591406 0.560937 0.007812 0.206250
0 0.584375 0.570312 0.009375 0.193750
0 0.577344 0.595313 0.007812 0.231250
0 0.571094 0.596094 0.010937 0.232813
0 0.550000 0.341406 0.012500 0.292187
