0 0.721875 0.441406 0.009375 0.210938
0 0.714063 0.446094 0.009375 0.229687
0 0.707031 0.471875 0.010937 0.234375
0 0.700000 0.503906 0.009375 0.257812
0 0.692969 0.574219 0.010937 0.329688
0 0.684375 0.664844 0.009375 0.285938
0 0.675781 0.699219 0.007812 0.229687
0 0.668750 0.714063 0.009375 0.243750
0 0.661719 0.740625 0.010937 0.200000
0 0.653125 0.725000 0.009375 0.231250
0 0.646094 0.713281 0.010937 0.229687
0 0.639062 0.653125 0.009375 0.315625
0 0.630469 0.528125 0.007812 0.353125
0 0.624219 0.403125 0.007812 0.309375
0 0.620313 0.294531 0.012500 0.323437
