0 0.723437 0.691406 0.006250 0.204687
0 0.716406 0.690625 0.007812 0.215625
0 0.710156 0.679688 0.007812 0.225000
0 0.703125 0.677344 0.009375 0.201563
0 0.696094 0.704688 0.007812 0.250000
0 0.688281 0.739062 0.007812 0.184375
0 0.680469 0.740625 0.010937 0.184375
0 0.674219 0.746094 0.007812 0.182812
0 0.672656 0.743750 0.007812 0.181250
0 0.666406 0.745313 0.007812 0.187500
0 0.658594 0.711719 0.010937 0.257812
0 0.650781 0.667969 0.010937 0.248438
0 0.642188 0.590625 0.012500 0.337500
0 0.633594 0.453906 0.007812 0.370312
0 0.627344 0.315625 0.010937 0.340625
0 0.621094 0.209375 0.007812 0.290625
0 0.614062 0.139063 0.009375 0.150000
