0 0.667969 0.170313 0.007812 0.265625
0 0.659375 0.268750 0.009375 0.315625
0 0.652344 0.381250 0.007812 0.303125
0 0.646094 0.479687 0.010937 0.290625
0 0.639844 0.564844 0.007812 0.264062
0 0.632812 0.616406 0.009375 0.239063
0 0.594531 0.564063 0.007812 0.221875
0 0.565625 0.394531 0.009375 0.317188
0 0.571875 0.494531 0.009375 0.270313
0 0.580469 0.560937 0.010937 0.243750
0 0.602344 0.576562 0.007812 0.200000
0 0.609375 0.604688 0.009375 0.240625
0 0.586719 0.569531 0.007812 0.223438
0 0.626563 0.642969 0.009375 0.207813
0 0.618750 0.639844 0.012500 0.229687
